  9.00000000000E+03 -0.499176       -0.00196858     0.498127        0.000933737    0.500609        0.00352784    -0.49863         0.00314316   
  1.00089775000E+07 -0.497501        0.0223693      0.506377       -0.0106412      0.496709       -0.0208554     -0.504183        0.00943459   
  2.00089550000E+07 -0.495336        0.0393132      0.506172       -0.0264494      0.496161       -0.0375978     -0.504721        0.0228382    
  3.00089325000E+07 -0.493636        0.056889       0.50439        -0.0435737      0.49368        -0.0537302     -0.503124        0.0375467    
  4.00089100000E+07 -0.490886        0.0718913      0.502477       -0.0594728      0.491258       -0.0688605     -0.501995        0.05189      
  5.00088875000E+07 -0.487472        0.0891628      0.500902       -0.0757962      0.488926       -0.0852556     -0.500825        0.0655527    
  6.00088650000E+07 -0.484492        0.105648       0.497937       -0.0915639      0.485351       -0.100711      -0.49816         0.0802385    
  7.00088425000E+07 -0.480365        0.121355       0.49473        -0.107423       0.481984       -0.1161        -0.495495        0.0942823    
  8.00088200000E+07 -0.47567         0.137123       0.490708       -0.124598       0.477815       -0.131611      -0.492708        0.108704     
  9.00087975000E+07 -0.469797        0.152786       0.486348       -0.139718       0.472464       -0.146447      -0.489547        0.121792     
  1.00008775000E+08 -0.464857        0.168762       0.481501       -0.155492       0.468048       -0.161355      -0.485994        0.135841     
  1.10008752500E+08 -0.458719        0.183622       0.476435       -0.170279       0.462588       -0.175939      -0.482928        0.150038     
  1.20008730000E+08 -0.452084        0.198259       0.470336       -0.185516       0.456054       -0.190782      -0.478398        0.163387     
  1.30008707500E+08 -0.444966        0.213828       0.463758       -0.201581       0.449686       -0.205011      -0.474137        0.176671     
  1.40008685000E+08 -0.436497        0.228347       0.457332       -0.215956       0.442649       -0.219252      -0.468526        0.190445     
  1.50008662500E+08 -0.429219        0.242397       0.449606       -0.231229       0.435142       -0.233426      -0.462496        0.203243     
  1.60008640000E+08 -0.420163        0.256695       0.442163       -0.245177       0.427676       -0.247346      -0.457722        0.217659     
  1.70008617500E+08 -0.410278        0.270248       0.433337       -0.258863       0.418902       -0.260865      -0.451171        0.229965     
  1.80008595000E+08 -0.401456        0.283858       0.424616       -0.272716       0.410314       -0.27387       -0.443913        0.242836     
  1.90008572500E+08 -0.391106        0.296217       0.415243       -0.286419       0.401573       -0.286675      -0.43786         0.256247     
  2.00008550000E+08 -0.381067        0.309614       0.405772       -0.299024       0.391414       -0.298497      -0.430211        0.268529     
  2.10008527500E+08 -0.370344        0.321885       0.395758       -0.311519       0.381725       -0.311626      -0.422528        0.280812     
  2.20008505000E+08 -0.358038        0.333979       0.38534        -0.324184       0.371984       -0.323567      -0.415396        0.292895     
  2.30008482500E+08 -0.346539        0.344836       0.373815       -0.335846       0.360621       -0.335         -0.407274        0.3052       
  2.40008460000E+08 -0.334713        0.356116       0.36302        -0.347788       0.349289       -0.346461      -0.39867         0.317022     
  2.50008437500E+08 -0.321942        0.367075       0.351217       -0.360076       0.338062       -0.356603      -0.389745        0.328153     
  2.60008415000E+08 -0.309131        0.376707       0.3402         -0.370051       0.327087       -0.36658       -0.380964        0.33989      
  2.70008392500E+08 -0.296242        0.386568       0.327806       -0.379889       0.314953       -0.377053      -0.371922        0.350865     
  2.80008370000E+08 -0.283282        0.395499       0.31413        -0.38966        0.302311       -0.386454      -0.362089        0.361114     
  2.90008347500E+08 -0.269505        0.404407       0.30186        -0.399378       0.289935       -0.395643      -0.352464        0.371839     
  3.00008325000E+08 -0.255944        0.412821       0.28988        -0.409026       0.276429       -0.404658      -0.342126        0.382246     
  3.10008302500E+08 -0.241904        0.420774       0.276297       -0.417185       0.263471       -0.413538      -0.331221        0.392701     
  3.20008280000E+08 -0.22737         0.42775        0.262647       -0.425469       0.250421       -0.420707      -0.321425        0.401421     
  3.30008257500E+08 -0.212803        0.434706       0.249324       -0.433417       0.237088       -0.428212      -0.310954        0.410458     
  3.40008235000E+08 -0.198389        0.440567       0.236091       -0.440401       0.223359       -0.435848      -0.299338        0.419752     
  3.50008212500E+08 -0.1821          0.44675        0.22082        -0.447914       0.209046       -0.442675      -0.287906        0.429649     
  3.60008190000E+08 -0.166981        0.452402       0.206436       -0.454496       0.194459       -0.448511      -0.275364        0.437357     
  3.70008167500E+08 -0.151513        0.456753       0.191218       -0.460588       0.179822       -0.454395      -0.263498        0.445657     
  3.80008145000E+08 -0.136869        0.460769       0.177442       -0.465444       0.165043       -0.45946       -0.251394        0.453846     
  3.90008122500E+08 -0.120414        0.463863       0.161689       -0.469979       0.149998       -0.463991      -0.237558        0.461105     
  4.00008100000E+08 -0.104959        0.466625       0.147573       -0.475039       0.134833       -0.468302      -0.225369        0.467897     
  4.10008077500E+08 -0.0888839       0.469696       0.13169        -0.479679       0.120048       -0.472102      -0.21196         0.476543     
  4.20008055000E+08 -0.0726873       0.471351       0.115382       -0.483739       0.104926       -0.476072      -0.197941        0.483834     
  4.30008032500E+08 -0.0564267       0.473128       0.100448       -0.487048       0.0896413      -0.478464      -0.183668        0.489323     
  4.40008010000E+08 -0.0410292       0.473401       0.0845878      -0.489492       0.0738852      -0.480655      -0.168648        0.495456     
  4.50007987500E+08 -0.0245155       0.473033       0.0685683      -0.491148       0.0589707      -0.482153      -0.154797        0.500939     
  4.60007965000E+08 -0.00829198      0.472565       0.0530681      -0.492933       0.0431137      -0.483512      -0.140724        0.50705      
  4.70007942500E+08  0.00785663      0.472262       0.0376398      -0.494295       0.0280622      -0.484841      -0.126662        0.511643     
  4.80007920000E+08  0.0240323       0.471          0.0211768      -0.494881       0.0126479      -0.484518      -0.11111         0.515916     
  4.90007897500E+08  0.0399821       0.468151       0.00604519     -0.495228      -0.00296334     -0.484403      -0.0965221       0.520313     
  5.00007875000E+08  0.0558102       0.465891      -0.00961167     -0.494148      -0.0181744      -0.483468      -0.0815039       0.523031     
  5.10007852500E+08  0.0702527       0.46176       -0.0252138      -0.492656      -0.0333306      -0.482557      -0.0664551       0.526905     
  5.20007830000E+08  0.0853004       0.458964      -0.0400353      -0.491951      -0.0479043      -0.4811        -0.0522978       0.529523     
  5.30007807500E+08  0.100192        0.454734      -0.0555747      -0.489946      -0.0631747      -0.478621      -0.0372801       0.531685     
  5.40007785000E+08  0.115534        0.450218      -0.0716767      -0.487057      -0.0780889      -0.477253      -0.0209476       0.534166     
  5.50007762500E+08  0.131116        0.445242      -0.0873736      -0.485155      -0.0941255      -0.474044      -0.0047632       0.536266     
  5.60007740000E+08  0.144893        0.43926       -0.102054       -0.481252      -0.108763       -0.470652       0.0101206       0.536752     
  5.70007717500E+08  0.159054        0.433128      -0.117829       -0.477135      -0.12341        -0.466263       0.0264384       0.537347     
  5.80007695000E+08  0.17239         0.425826      -0.133511       -0.473421      -0.138218       -0.461735       0.0434109       0.537918     
  5.90007672500E+08  0.18668         0.419695      -0.147016       -0.46895       -0.152126       -0.457096       0.0576242       0.537053     
  6.00007650000E+08  0.199311        0.41228       -0.16133        -0.463597      -0.165665       -0.451872       0.0738174       0.537629     
  6.10007627500E+08  0.21284         0.403743      -0.177356       -0.458938      -0.180241       -0.446599       0.0902752       0.536389     
  6.20007605000E+08  0.225445        0.395311      -0.191204       -0.452796      -0.194334       -0.439775       0.106456        0.534305     
  6.30007582500E+08  0.238529        0.386094      -0.2049         -0.446008      -0.208989       -0.433675       0.123543        0.532258     
  6.40007560000E+08  0.249966        0.376372      -0.218104       -0.438791      -0.222071       -0.426154       0.139078        0.529289     
  6.50007537500E+08  0.261522        0.365454      -0.232046       -0.431152      -0.234831       -0.418619       0.155012        0.526257     
  6.60007515000E+08  0.274073        0.355155      -0.24537        -0.42395       -0.247863       -0.41103        0.170566        0.522925     
  6.70007492500E+08  0.28434         0.34402       -0.258619       -0.4156        -0.261802       -0.402022       0.187505        0.518791     
  6.80007470000E+08  0.2958          0.331895      -0.27151        -0.406418      -0.274023       -0.392842       0.203364        0.513834     
  6.90007447500E+08  0.305986        0.320868      -0.285002       -0.397044      -0.286546       -0.384368       0.220718        0.508646     
  7.00007425000E+08  0.315512        0.308555      -0.297479       -0.388144      -0.297637       -0.374982       0.236149        0.502872     
  7.10007402500E+08  0.324332        0.295891      -0.30961        -0.377342      -0.309955       -0.364248       0.2531          0.495891     
  7.20007380000E+08  0.332835        0.283256      -0.320486       -0.367897      -0.319816       -0.354028       0.266497        0.489186     
  7.30007357500E+08  0.341233        0.270061      -0.332868       -0.357413      -0.331712       -0.343353       0.2832          0.481257     
  7.40007335000E+08  0.348502        0.25775       -0.342795       -0.345965      -0.341613       -0.333541       0.297184        0.473922     
  7.50007312500E+08  0.355861        0.244586      -0.353337       -0.335374      -0.351431       -0.321196       0.312371        0.464902     
  7.60007290000E+08  0.362593        0.230654      -0.36316        -0.32419       -0.361247       -0.310075       0.327027        0.456767     
  7.70007267500E+08  0.368615        0.217992      -0.373061       -0.312954      -0.370111       -0.298523       0.340953        0.448498     
  7.80007245000E+08  0.374063        0.20473       -0.382786       -0.301349      -0.379831       -0.286757       0.355645        0.438613     
  7.90007222500E+08  0.379531        0.19023       -0.392223       -0.286678      -0.388461       -0.274022       0.371565        0.427275     
  8.00007200000E+08  0.384347        0.17638       -0.401321       -0.275759      -0.397304       -0.261324       0.384452        0.418237     
  8.10007177500E+08  0.388494        0.162448      -0.409945       -0.262299      -0.405051       -0.249158       0.398634        0.406901     
  8.20007155000E+08  0.39137         0.147828      -0.418236       -0.248614      -0.412339       -0.235977       0.413098        0.394589     
  8.30007132500E+08  0.393666        0.133557      -0.426416       -0.234848      -0.419844       -0.222779       0.426382        0.382327     
  8.40007110000E+08  0.395269        0.119294      -0.433135       -0.221198      -0.426349       -0.21012        0.439197        0.370147     
  8.50007087500E+08  0.396736        0.105018      -0.439722       -0.207787      -0.433313       -0.195603       0.451953        0.357735     
  8.60007065000E+08  0.397906        0.0903063     -0.44622        -0.192562      -0.439081       -0.181611       0.464221        0.34377      
  8.70007042500E+08  0.398222        0.0748561     -0.452637       -0.176787      -0.44404        -0.167262       0.477055        0.327966     
  8.80007020000E+08  0.398011        0.0596625     -0.458262       -0.160569      -0.449514       -0.151193       0.490287        0.311188     
  8.90006997500E+08  0.396398        0.0452797     -0.462084       -0.148324      -0.453416       -0.136618       0.499408        0.299398     
  9.00006975000E+08  0.393925        0.0307214     -0.466716       -0.132961      -0.454903       -0.121667       0.510425        0.283504     
  9.10006952500E+08  0.392369        0.0176246     -0.469389       -0.1192        -0.460341       -0.109254       0.519157        0.268324     
  9.20006930000E+08  0.389704        0.00289903    -0.473478       -0.102069      -0.463193       -0.0932324      0.530108        0.249347     
  9.30006907500E+08  0.386145       -0.0121667     -0.476551       -0.0860417     -0.465658       -0.0778371      0.539531        0.232259     
  9.40006885000E+08  0.381524       -0.0253163     -0.478353       -0.0710243     -0.468106       -0.0628168      0.54813         0.215787     
  9.50006862500E+08  0.378058       -0.0380186     -0.47996        -0.0552677     -0.469057       -0.0483577      0.556246        0.198439     
  9.60006840000E+08  0.373003       -0.0512074     -0.480058       -0.0404155     -0.469733       -0.0329803      0.563371        0.181344     
  9.70006817500E+08  0.367998       -0.0637382     -0.481344       -0.0224903     -0.469941       -0.0189211      0.570655        0.160196     
  9.80006795000E+08  0.362831       -0.075905      -0.481965       -0.00803685    -0.470694       -0.0037509      0.577018        0.143919     
  9.90006772500E+08  0.356744       -0.0880277     -0.481833        0.00572537    -0.469575        0.0112561      0.582391        0.126141     
  1.00000675000E+09  0.349572       -0.101903      -0.48154         0.0216768     -0.469599        0.0276613      0.587998        0.107027     
  1.01000672750E+09  0.342715       -0.112627      -0.479349        0.0364553     -0.467947        0.0425338      0.593203        0.0894314    
  1.02000670500E+09  0.335011       -0.123454      -0.477382        0.0530853     -0.465654        0.0578614      0.597547        0.0680884    
  1.03000668250E+09  0.326672       -0.13516       -0.475428        0.0689239     -0.462352        0.0735734      0.600919        0.048257     
  1.04000666000E+09  0.317778       -0.145247      -0.471595        0.0848086     -0.459807        0.0885232      0.603279        0.0276295    
  1.05000663750E+09  0.308632       -0.155235      -0.469092        0.0989208     -0.456149        0.104116       0.605441        0.0084292    
  1.06000661500E+09  0.299693       -0.165008      -0.464697        0.115231      -0.452686        0.119259       0.606794       -0.0128749    
  1.07000659250E+09  0.289135       -0.174528      -0.459088        0.13131       -0.447356        0.135357       0.606646       -0.0347843    
  1.08000657000E+09  0.279127       -0.183118      -0.454618        0.145117      -0.441641        0.150421       0.606257       -0.0539463    
  1.09000654750E+09  0.268578       -0.19058       -0.447761        0.164694      -0.436402        0.163594       0.605384       -0.0813078    
  1.10000652500E+09  0.258424       -0.197418      -0.44052         0.176997      -0.431119        0.177589       0.601697       -0.101028     
  1.11000650250E+09  0.247016       -0.204832      -0.435302        0.189683      -0.424925        0.190414       0.601474       -0.119379     
  1.12000648000E+09  0.236158       -0.211507      -0.429591        0.204663      -0.417298        0.206112       0.600275       -0.141041     
  1.13000645750E+09  0.224798       -0.215997      -0.421696        0.217668      -0.409236        0.218477       0.594716       -0.16198      
  1.14000643500E+09  0.212814       -0.221733      -0.413487        0.232188      -0.400876        0.231685       0.589098       -0.183617     
  1.15000641250E+09  0.200889       -0.225521      -0.404185        0.245405      -0.391373        0.244938       0.583865       -0.205365     
  1.16000639000E+09  0.189428       -0.229378      -0.395153        0.258451      -0.381809        0.257095       0.578404       -0.227475     
  1.17000636750E+09  0.177037       -0.233         -0.385412        0.270548      -0.371957        0.270008       0.570668       -0.247598     
  1.18000634500E+09  0.164939       -0.236366      -0.374617        0.283475      -0.361372        0.283108       0.561573       -0.269711     
  1.19000632250E+09  0.152495       -0.238154      -0.364721        0.294316      -0.350323        0.294977       0.553535       -0.289687     
  1.20000630000E+09  0.141502       -0.23944       -0.353761        0.305044      -0.340094        0.305878       0.544481       -0.308413     
  1.21000627750E+09  0.130142       -0.23992       -0.342205        0.315634      -0.328165        0.315456       0.532183       -0.327845     
  1.22000625500E+09  0.117574       -0.239896      -0.328493        0.327782      -0.316748        0.324887       0.519893       -0.350152     
  1.23000623250E+09  0.107143       -0.239249      -0.316727        0.336783      -0.304864        0.334434       0.507742       -0.368106     
  1.24000621000E+09  0.0951705      -0.237752      -0.30453         0.347852      -0.292509        0.344141       0.495158       -0.389982     
  1.25000618750E+09  0.0844882      -0.236694      -0.291323        0.358402      -0.279202        0.353934       0.47984        -0.410572     
  1.26000616500E+09  0.073077       -0.235128      -0.278095        0.367964      -0.266041        0.363184       0.466101       -0.431127     
  1.27000614250E+09  0.0620656      -0.232334      -0.265265        0.376375      -0.251779        0.371214       0.450896       -0.44832      
  1.28000612000E+09  0.0517063      -0.229127      -0.250825        0.382881      -0.238305        0.37725        0.433271       -0.465211     
  1.29000609750E+09  0.0423256      -0.224769      -0.236723        0.389603      -0.224934        0.383328       0.415715       -0.481667     
  1.30000607500E+09  0.03299        -0.22094       -0.22234         0.39456       -0.211205        0.389945       0.396261       -0.496872     
  1.31000605250E+09  0.0241468      -0.216453      -0.208108        0.399006      -0.197388        0.394713       0.377697       -0.51228      
  1.32000603000E+09  0.0152393      -0.211056      -0.192475        0.404523      -0.181642        0.400034       0.355406       -0.528711     
  1.33000600750E+09  0.0074124      -0.205118      -0.177532        0.409041      -0.166893        0.402944       0.335188       -0.542152     
  1.34000598500E+09 -0.000594475    -0.198717      -0.161247        0.414884      -0.151906        0.405862       0.311591       -0.559143     
  1.35000596250E+09 -0.00880857     -0.193141      -0.143625        0.418954      -0.136112        0.410311       0.286256       -0.574211     
  1.36000594000E+09 -0.0150854      -0.186745      -0.131459        0.418412      -0.121946        0.411961       0.266617       -0.58215      
  1.37000591750E+09 -0.0214992      -0.180356      -0.113984        0.422069      -0.106704        0.413751       0.240725       -0.595325     
  1.38000589500E+09 -0.0269059      -0.172624      -0.100592        0.421473      -0.0923949       0.414515       0.217973       -0.603791     
  1.39000587250E+09 -0.0319874      -0.166123      -0.0880979       0.420162      -0.0763091       0.41469        0.196308       -0.609399     
  1.40000585000E+09 -0.0368307      -0.158531      -0.0691728       0.421735      -0.0621815       0.414471       0.165034       -0.621172     
  1.41000582750E+09 -0.0403179      -0.150614      -0.0531883       0.421856      -0.0468656       0.413547       0.137542       -0.629789     
  1.42000580500E+09 -0.0442057      -0.143171      -0.0387202       0.41969       -0.0320581       0.411758       0.110218       -0.635769     
  1.43000578250E+09 -0.0462146      -0.135331      -0.0232338       0.417245      -0.018452        0.408549       0.0831859      -0.639036     
  1.44000576000E+09 -0.0491041      -0.129043      -0.00938342      0.415608      -0.00323222      0.407164       0.0539566      -0.645151     
  1.45000573750E+09 -0.0513333      -0.120987       0.00635326      0.410626       0.0127596       0.403116       0.0238968      -0.645658     
  1.46000571500E+09 -0.0507636      -0.113797       0.0156407       0.405031       0.0227011       0.398087       0.00178636     -0.642497     
  1.47000569250E+09 -0.050785       -0.105877       0.0304555       0.401065       0.0356555       0.392226      -0.0288914      -0.642411     
  1.48000567000E+09 -0.0501698      -0.100182       0.0424693       0.394331       0.0480883       0.387133      -0.0564382      -0.639124     
  1.49000564750E+09 -0.0498379      -0.0927931      0.0576154       0.388219       0.0613133       0.380995      -0.0900416      -0.635904     
  1.50000562500E+09 -0.0487157      -0.0860897      0.0703657       0.382841       0.0733468       0.374952      -0.124352       -0.629393     
  1.51000560250E+09 -0.0475273      -0.0802089      0.0810895       0.376025       0.0844163       0.367533      -0.151525       -0.623313     
  1.52000558000E+09 -0.0449871      -0.0751587      0.0904187       0.367997       0.0943523       0.359331      -0.178404       -0.614852     
  1.53000555750E+09 -0.0430754      -0.0687568      0.101239        0.360656       0.104995        0.352537      -0.208588       -0.605105     
  1.54000553500E+09 -0.0395417      -0.0645907      0.111433        0.352058       0.114116        0.344509      -0.237322       -0.592839     
  1.55000551250E+09 -0.0363917      -0.0601838      0.119416        0.343336       0.122717        0.335745      -0.264487       -0.580085     
  1.56000549000E+09 -0.032545       -0.0566273      0.127196        0.335332       0.131407        0.327104      -0.292324       -0.565665     
  1.57000546750E+09 -0.0287374      -0.0526847      0.135715        0.32554        0.139058        0.3176        -0.321078       -0.548073     
  1.58000544500E+09 -0.0247925      -0.0501143      0.142459        0.315899       0.146152        0.307629      -0.347184       -0.529027     
  1.59000542250E+09 -0.0208171      -0.0476936      0.150854        0.306178       0.151773        0.298633      -0.375524       -0.507185     
  1.60000540000E+09 -0.0158827      -0.0465957      0.156149        0.296801       0.156445        0.289807      -0.400191       -0.486003     
  1.61000537750E+09 -0.0119254      -0.0458476      0.159684        0.287848       0.161187        0.279924      -0.421236       -0.464324     
  1.62000535500E+09 -0.00717066     -0.0454148      0.163473        0.278914       0.164872        0.271498      -0.443658       -0.440137     
  1.63000533250E+09 -0.00246207     -0.0454105      0.167706        0.268985       0.167911        0.262853      -0.464159       -0.412251     
  1.64000531000E+09  0.001229       -0.0461507      0.169653        0.260775       0.170109        0.253994      -0.482022       -0.386458     
  1.65000528750E+09  0.00480128     -0.0474553      0.17172         0.252417       0.172302        0.245817      -0.500466       -0.357274     
  1.66000526500E+09  0.00900528     -0.0497578      0.173267        0.24437        0.172888        0.238553      -0.515408       -0.328802     
  1.67000524250E+09  0.0124888      -0.0527564      0.174285        0.237152       0.17405         0.231652      -0.529649       -0.298096     
  1.68000522000E+09  0.0151835      -0.0555981      0.17506         0.229612       0.174969        0.223612      -0.542757       -0.264483     
  1.69000519750E+09  0.0186476      -0.0588405      0.173224        0.223576       0.173726        0.21818       -0.550803       -0.236729     
  1.70000517500E+09  0.0207961      -0.062873       0.171624        0.219242       0.172486        0.212537      -0.557778       -0.206899     
  1.71000515250E+09  0.02232        -0.0668405      0.170676        0.214657       0.171404        0.207835      -0.563392       -0.175144     
  1.72000513000E+09  0.0235449      -0.0718958      0.170026        0.209127       0.169983        0.203114      -0.568371       -0.139887     
  1.73000510750E+09  0.0243806      -0.0768566      0.169933        0.204744       0.170115        0.198535      -0.5718         -0.104521     
  1.74000508500E+09  0.0239452      -0.0813728      0.16794         0.202083       0.168506        0.195905      -0.571051       -0.0739287    
  1.75000506250E+09  0.0233248      -0.0866945      0.167268        0.199027       0.167001        0.193238      -0.56895        -0.0384223    
  1.76000504000E+09  0.0219714      -0.092106       0.166214        0.196559       0.165876        0.191331      -0.564408       -0.00458472   
  1.77000501750E+09  0.0200428      -0.0968117      0.164955        0.195469       0.165333        0.190341      -0.558418        0.0253813    
  1.78000499500E+09  0.0172203      -0.102103       0.163741        0.19553        0.165168        0.189571      -0.549675        0.0550788    
  1.79000497250E+09  0.014129       -0.106361       0.163574        0.196396       0.16463         0.189798      -0.540877        0.0849939    
  1.80000495000E+09  0.0100749      -0.11214        0.164353        0.196608       0.164759        0.189409      -0.528903        0.115335     
  1.81000492750E+09  0.00576996     -0.116221       0.164353        0.197531       0.164768        0.191642      -0.515819        0.142805     
  1.82000490500E+09  0.000918078    -0.120512       0.165772        0.199184       0.166233        0.192256      -0.500876        0.170701     
  1.83000488250E+09 -0.00523828     -0.124198       0.167944        0.200667       0.168103        0.194456      -0.482665        0.197119     
  1.84000486000E+09 -0.0112441      -0.127333       0.170444        0.202711       0.170985        0.196334      -0.464625        0.222501     
  1.85000483750E+09 -0.0174651      -0.129942       0.173448        0.204802       0.173055        0.198771      -0.444895        0.244735     
  1.86000481500E+09 -0.024882       -0.132527       0.176691        0.208004       0.176922        0.200867      -0.425075        0.264483     
  1.87000479250E+09 -0.0320423      -0.134074       0.181116        0.210562       0.182066        0.202443      -0.40474         0.283847     
  1.88000477000E+09 -0.0391719      -0.135052       0.186948        0.213224       0.187585        0.204287      -0.38102         0.302511     
  1.89000474750E+09 -0.0463996      -0.135674       0.193273        0.214625       0.193014        0.207101      -0.357405        0.320117     
  1.90000472500E+09 -0.0545002      -0.135195       0.199458        0.217434       0.199463        0.208952      -0.334744        0.333589     
  1.91000470250E+09 -0.0626213      -0.134686       0.207375        0.219464       0.206868        0.211356      -0.310731        0.347334     
  1.92000468000E+09 -0.0705929      -0.133497       0.215998        0.221607       0.215908        0.212652      -0.286903        0.359219     
  1.93000465750E+09 -0.0786804      -0.131512       0.223599        0.222737       0.224198        0.213156      -0.262943        0.367955     
  1.94000463500E+09 -0.0866253      -0.12986        0.232203        0.224073       0.233364        0.213925      -0.239204        0.375043     
  1.95000461250E+09 -0.093751       -0.126522       0.242493        0.221906       0.242511        0.213748      -0.212359        0.381293     
  1.96000459000E+09 -0.100847       -0.122476       0.254772        0.217777       0.252709        0.213535      -0.182807        0.388493     
  1.97000456750E+09 -0.108635       -0.117531       0.267236        0.215433       0.263728        0.211269      -0.157292        0.393014     
  1.98000454500E+09 -0.11608        -0.112658       0.279361        0.2126         0.274947        0.20916       -0.132997        0.395726     
  1.99000452250E+09 -0.122371       -0.107848       0.290809        0.213164       0.286241        0.205947      -0.112776        0.395331     
  2.00000450000E+09 -0.128585       -0.101062       0.301464        0.209641       0.297296        0.202499      -0.0914616       0.394934     
  2.01000447750E+09 -0.134862       -0.0943297      0.31404         0.205134       0.309119        0.197509      -0.0693505       0.393069     
  2.02000445500E+09 -0.140017       -0.0879542      0.326205        0.199362       0.320365        0.193359      -0.0479886       0.389924     
  2.03000443250E+09 -0.14544        -0.0812085      0.338274        0.193794       0.332662        0.187694      -0.0287013       0.385391     
  2.04000441000E+09 -0.150543       -0.0730081      0.349138        0.188552       0.344598        0.181655      -0.0100321       0.379887     
  2.05000438750E+09 -0.153778       -0.0649154      0.360284        0.180558       0.355833        0.173465       0.00882867      0.37401      
  2.06000436500E+09 -0.157108       -0.0569122      0.371916        0.171299       0.366626        0.165518       0.0258211       0.36755      
  2.07000434250E+09 -0.160794       -0.0482141      0.384392        0.1612         0.378172        0.155196       0.0440748       0.359336     
  2.08000432000E+09 -0.16377        -0.0390066      0.395893        0.149973       0.390409        0.143734       0.0610443       0.351757     
  2.09000429750E+09 -0.166067       -0.0303127      0.407415        0.138476       0.401863        0.13301        0.0772495       0.343676     
  2.10000427500E+09 -0.16777        -0.0222883      0.41896         0.125672       0.41352         0.121639       0.0925728       0.334671     
  2.11000425250E+09 -0.169465       -0.0130865      0.43002         0.113444       0.423697        0.108815       0.106703        0.325662     
  2.12000423000E+09 -0.170001       -0.00424895     0.439624        0.0994363      0.432657        0.0956129      0.119916        0.316137     
  2.13000420750E+09 -0.169297        0.00520569     0.448438        0.0875454      0.441345        0.0802993      0.130364        0.307171     
  2.14000418500E+09 -0.168297        0.0139834      0.458988        0.0739625      0.449781        0.0651291      0.141768        0.297202     
  2.15000416250E+09 -0.167481        0.0230637      0.46645         0.0583029      0.458028        0.0487812      0.152289        0.286282     
  2.16000414000E+09 -0.166599        0.0322735      0.475164        0.0427576      0.46671         0.0317387      0.162882        0.276102     
  2.17000411750E+09 -0.164078        0.0412792      0.479868        0.0269626      0.473447        0.0160979      0.172086        0.263961     
  2.18000409500E+09 -0.161917        0.0494629      0.485467        0.0104577      0.480044       -0.000226862    0.180628        0.252925     
  2.19000407250E+09 -0.158629        0.0575347      0.494589       -0.0152231      0.484216       -0.0163074      0.194041        0.241141     
  2.20000405000E+09 -0.155183        0.0662146      0.497661       -0.0330027      0.488073       -0.0346684      0.201467        0.22911      
  2.21000402750E+09 -0.150746        0.074069       0.501947       -0.0517953      0.49186        -0.0536781      0.208207        0.217468     
  2.22000400500E+09 -0.145743        0.0820292      0.505476       -0.0706295      0.49508        -0.072201       0.214985        0.207175     
  2.23000398250E+09 -0.141376        0.0906168      0.506555       -0.0907589      0.496094       -0.0918027      0.220971        0.196093     
  2.24000396000E+09 -0.135944        0.0976459      0.506972       -0.110492       0.49763        -0.111775       0.226348        0.184498     
  2.25000393750E+09 -0.12994         0.103868       0.509044       -0.130714       0.497522       -0.129517       0.231896        0.174826     
  2.26000391500E+09 -0.124391        0.111259       0.509426       -0.150357       0.4972         -0.149525       0.236277        0.164168     
  2.27000389250E+09 -0.117947        0.117551       0.506613       -0.166061       0.494672       -0.170149       0.237657        0.155498     
  2.28000387000E+09 -0.110946        0.123082       0.50202        -0.184893       0.492087       -0.189595       0.239587        0.145231     
  2.29000384750E+09 -0.102907        0.128526       0.497469       -0.206477       0.487781       -0.209824       0.242411        0.133033     
  2.30000382500E+09 -0.0958083       0.134427       0.493021       -0.227773       0.481991       -0.228698       0.244877        0.123121     
  2.31000380250E+09 -0.0887521       0.13944        0.488263       -0.24742        0.477858       -0.248172       0.246154        0.11409      
  2.32000378000E+09 -0.081796        0.142758       0.480143       -0.265667       0.472625       -0.264855       0.246633        0.1038       
  2.33000375750E+09 -0.0729083       0.146663       0.471953       -0.285927       0.465459       -0.285578       0.247092        0.0934887    
  2.34000373500E+09 -0.0644632       0.149704       0.464215       -0.308281       0.457061       -0.304601       0.248335        0.082861     
  2.35000371250E+09 -0.0566382       0.152022       0.454696       -0.329792       0.447722       -0.323638       0.248841        0.0728289    
  2.36000369000E+09 -0.0483218       0.155169       0.444622       -0.347531       0.436477       -0.344237       0.249003        0.0635903    
  2.37000366750E+09 -0.0390346       0.158088       0.435569       -0.363043       0.426575       -0.3637         0.248797        0.0559671    
  2.38000364500E+09 -0.0302219       0.159749       0.424628       -0.378972       0.415708       -0.384077       0.246733        0.0478517    
  2.39000362250E+09 -0.0214905       0.16086        0.411617       -0.395727       0.403645       -0.403419       0.245502        0.039097     
  2.40000360000E+09 -0.0132952       0.160849       0.399996       -0.4098         0.392058       -0.418812       0.244739        0.032162     
  2.41000357750E+09 -0.00450874      0.16099        0.385958       -0.424186       0.380852       -0.43254        0.242937        0.025043     
  2.42000355500E+09  0.00360252      0.160311       0.369873       -0.443114       0.365617       -0.447183       0.242264        0.0151148    
  2.43000353250E+09  0.0124403       0.159178       0.348232       -0.466909       0.347482       -0.462523       0.242053        0.00456369   
  2.44000351000E+09  0.0222772       0.157731       0.330052       -0.48834        0.328416       -0.479444       0.240886       -0.00513896   
  2.45000348750E+09  0.0306507       0.155899       0.319029       -0.503942       0.313332       -0.493711       0.241576       -0.0117128    
  2.46000346500E+09  0.0383173       0.154371       0.310983       -0.504778       0.298804       -0.503455       0.239079       -0.0119663    
  2.47000344250E+09  0.0480989       0.150972       0.291979       -0.511742       0.273662       -0.521703       0.234448       -0.0163       
  2.48000342000E+09  0.0559815       0.14748        0.265188       -0.534632       0.258401       -0.530961       0.232913       -0.027222     
  2.49000339750E+09  0.0645443       0.143849       0.24857        -0.547868       0.236528       -0.542697       0.23167        -0.033398     
  2.50000337500E+09  0.0725691       0.139012       0.235818       -0.554402       0.217018       -0.554622       0.229308       -0.0348589    
  2.51000335250E+09  0.0789644       0.134884       0.2133         -0.563536       0.198627       -0.563926       0.226384       -0.0417298    
  2.52000333000E+09  0.0859107       0.130222       0.194618       -0.572922       0.179628       -0.571972       0.223423       -0.0460114    
  2.53000330750E+09  0.0924212       0.124871       0.17497        -0.58402        0.157262       -0.580317       0.221448       -0.0511679    
  2.54000328500E+09  0.0994697       0.11899        0.149953       -0.590168       0.136151       -0.586873       0.217164       -0.0573584    
  2.55000326250E+09  0.105775        0.112821       0.126751       -0.596818       0.115543       -0.593153       0.213453       -0.0630418    
  2.56000324000E+09  0.11209         0.107738       0.104378       -0.603169       0.0944852      -0.59975        0.209731       -0.0678742    
  2.57000321750E+09  0.116934        0.100212       0.0851655      -0.608349       0.071859       -0.604421       0.206981       -0.0719604    
  2.58000319500E+09  0.122183        0.0936159      0.0633281      -0.614175       0.0479916      -0.610166       0.203853       -0.0765645    
  2.59000317250E+09  0.126383        0.0866463      0.0372207      -0.619035       0.0236328      -0.612693       0.200008       -0.0828841    
  2.60000315000E+09  0.130769        0.0797133      0.0174726      -0.621373      -0.000614728    -0.61319        0.196946       -0.0870355    
  2.61000312750E+09  0.134964        0.0716995     -0.00368219     -0.621128      -0.0264384      -0.615229       0.193731       -0.0901441    
  2.62000310500E+09  0.139255        0.0626948     -0.0309931      -0.624199      -0.0520464      -0.616112       0.190003       -0.095938     
  2.63000308250E+09  0.142196        0.0548268     -0.0554281      -0.627352      -0.0738686      -0.615928       0.187094       -0.100963     
  2.64000306000E+09  0.144679        0.0467779     -0.0797524      -0.626281      -0.0951573      -0.613427       0.18475        -0.105478     
  2.65000303750E+09  0.145358        0.0395736     -0.100917       -0.62118       -0.112378       -0.609307       0.181221       -0.107615     
  2.66000301500E+09  0.147725        0.031621      -0.12066        -0.619283      -0.135683       -0.606409       0.178867       -0.110365     
  2.67000299250E+09  0.148124        0.0224987     -0.14644        -0.615562      -0.161335       -0.60185        0.175771       -0.11429      
  2.68000297000E+09  0.149814        0.0139726     -0.165009       -0.611955      -0.182032       -0.597077       0.174801       -0.115465     
  2.69000294750E+09  0.150677        0.00484659    -0.18655        -0.608164      -0.205092       -0.593104       0.172318       -0.118684     
  2.70000292500E+09  0.14974        -0.00281726    -0.210954       -0.600679      -0.225708       -0.586858       0.168556       -0.121297     
  2.71000290250E+09  0.149455       -0.0119816     -0.234669       -0.593064      -0.249812       -0.577766       0.164883       -0.124517     
  2.72000288000E+09  0.14766        -0.0195894     -0.258731       -0.584041      -0.269402       -0.56896        0.161438       -0.127986     
  2.73000285750E+09  0.145646       -0.0287678     -0.280907       -0.574562      -0.290505       -0.558182       0.157387       -0.130006     
  2.74000283500E+09  0.143533       -0.035667      -0.304988       -0.56262       -0.311488       -0.548104       0.153153       -0.1325       
  2.75000281250E+09  0.14189        -0.0442406     -0.325215       -0.552692      -0.333469       -0.536221       0.15009        -0.134233     
  2.76000279000E+09  0.137808       -0.053432      -0.345872       -0.541227      -0.355852       -0.521053       0.146852       -0.136441     
  2.77000276750E+09  0.133592       -0.0614352     -0.370317       -0.529304      -0.378603       -0.506754       0.143363       -0.140916     
  2.78000274500E+09  0.130202       -0.0688021     -0.390665       -0.516168      -0.395634       -0.495504       0.138572       -0.142936     
  2.79000272250E+09  0.126069       -0.074666      -0.404304       -0.508181      -0.411356       -0.483168       0.136936       -0.143307     
  2.80000270000E+09  0.121611       -0.0804837     -0.42398        -0.496611      -0.429041       -0.469252       0.133779       -0.145753     
  2.81000267750E+09  0.117711       -0.0865795     -0.442634       -0.476887      -0.442996       -0.456033       0.12948        -0.147038     
  2.82000265500E+09  0.11151        -0.0934134     -0.459571       -0.458476      -0.460533       -0.438865       0.12545        -0.148324     
  2.83000263250E+09  0.105494       -0.0994925     -0.473063       -0.444408      -0.477645       -0.4225         0.122459       -0.151023     
  2.84000261000E+09  0.0997252      -0.105187      -0.492516       -0.42946       -0.493635       -0.404834       0.120026       -0.153026     
  2.85000258750E+09  0.0937803      -0.109745      -0.511388       -0.412358      -0.508667       -0.389125       0.117201       -0.155191     
  2.86000256500E+09  0.0879678      -0.114679      -0.518332       -0.398813      -0.519705       -0.374547       0.116256       -0.155965     
  2.87000254250E+09  0.0800231      -0.119138      -0.528339       -0.383402      -0.534996       -0.353025       0.115124       -0.15527      
  2.88000252000E+09  0.073011       -0.124586      -0.540898       -0.371265      -0.552417       -0.334222       0.113771       -0.156729     
  2.89000249750E+09  0.06353        -0.128847      -0.545693       -0.358221      -0.5666         -0.308248       0.114169       -0.15478      
  2.90000247500E+09  0.0528445      -0.134092      -0.55517        -0.335289      -0.584949       -0.277921       0.110615       -0.154488     
  2.91000245250E+09  0.0460661      -0.137293      -0.560044       -0.316358      -0.595404       -0.25853        0.108808       -0.153268     
  2.92000243000E+09  0.0399828      -0.137792      -0.571669       -0.286399      -0.600518       -0.240675       0.102396       -0.154599     
  2.93000240750E+09  0.03124        -0.140802      -0.595299       -0.243944      -0.612483       -0.21351        0.0917163      -0.160787     
  2.94000238500E+09  0.0223101      -0.142371      -0.60263        -0.223592      -0.619122       -0.191653       0.0901453      -0.161122     
  2.95000236250E+09  0.0138547      -0.142782      -0.610502       -0.198443      -0.624825       -0.169171       0.0854791      -0.162401     
  2.96000234000E+09  0.00716132     -0.142522      -0.620402       -0.166841      -0.629173       -0.149011       0.080379       -0.165568     
  2.97000231750E+09  3.91994E-06    -0.142861      -0.632141       -0.131345      -0.633807       -0.127249       0.0741499      -0.168574     
  2.98000229500E+09 -0.00757172     -0.141633      -0.643657       -0.0960565     -0.63604        -0.107952       0.0677263      -0.172475     
  2.99000227250E+09 -0.0148965      -0.140277      -0.648622       -0.0745504     -0.63741        -0.0852384      0.0655653      -0.172965     
  3.00000225000E+09 -0.0232653      -0.137765      -0.654599       -0.050765      -0.639687       -0.0633659      0.0620189      -0.174213     
  3.01000222750E+09 -0.0303935      -0.135864      -0.656447       -0.0275292     -0.64104        -0.0401717      0.0597275      -0.174998     
  3.02000220500E+09 -0.0378464      -0.133029      -0.657676       -0.00617207    -0.641311       -0.0153679      0.0568729      -0.175282     
  3.03000218250E+09 -0.0458359      -0.130283      -0.657945        0.0120795     -0.641189        0.00586609     0.0562613      -0.174985     
  3.04000216000E+09 -0.0521751      -0.126082      -0.654826        0.0244208     -0.639861        0.0251382      0.0562144      -0.174409     
  3.05000213750E+09 -0.057786       -0.123094      -0.653674        0.040345      -0.637834        0.0460831      0.0547931      -0.173568     
  3.06000211500E+09 -0.0649533      -0.119197      -0.650257        0.0602273     -0.636909        0.0674869      0.0521176      -0.17352      
  3.07000209250E+09 -0.0713922      -0.113943      -0.64768         0.0841704     -0.633019        0.0912585      0.0493923      -0.174071     
  3.08000207000E+09 -0.0786583      -0.109175      -0.64363         0.11101       -0.62809         0.115467       0.0458988      -0.174661     
  3.09000204750E+09 -0.0838446      -0.103541      -0.639266        0.133567      -0.623467        0.135796       0.0441688      -0.174825     
  3.10000202500E+09 -0.0899763      -0.0976311     -0.632402        0.15713       -0.617795        0.160911       0.0410783      -0.175502     
  3.11000200250E+09 -0.0956409      -0.0918945     -0.625653        0.180302      -0.609954        0.183528       0.0383298      -0.175682     
  3.12000198000E+09 -0.100924       -0.0861617     -0.62055         0.200562      -0.604039        0.201805       0.0371722      -0.176544     
  3.13000195750E+09 -0.106638       -0.0795891     -0.610645        0.223553      -0.593199        0.226554       0.0332427      -0.176403     
  3.14000193500E+09 -0.111411       -0.0725425     -0.600308        0.247173      -0.582369        0.249328       0.0299966      -0.175974     
  3.15000191250E+09 -0.115425       -0.0651823     -0.589838        0.269479      -0.573488        0.269102       0.0267161      -0.176011     
  3.16000189000E+09 -0.119091       -0.0581941     -0.580389        0.292057      -0.561736        0.290223       0.0234775      -0.177151     
  3.17000186750E+09 -0.121719       -0.0500029     -0.567945        0.310646      -0.54899         0.309949       0.0223046      -0.176296     
  3.18000184500E+09 -0.124689       -0.0420624     -0.556305        0.330146      -0.53531         0.333391       0.0197884      -0.176454     
  3.19000182250E+09 -0.12654        -0.0335226     -0.542404        0.349823      -0.519866        0.358175       0.0161779      -0.176081     
  3.20000180000E+09 -0.128454       -0.0242297     -0.5255          0.370529      -0.503244        0.378933       0.0122491      -0.175725     
  3.21000177750E+09 -0.129474       -0.0158853     -0.512644        0.389408      -0.487504        0.399984       0.0104439      -0.176065     
  3.22000175500E+09 -0.130353       -0.00781978    -0.499751        0.404886      -0.474324        0.416611       0.00839178     -0.175949     
  3.23000173250E+09 -0.129969       -0.000786397   -0.484468        0.418699      -0.461361        0.429452       0.00638124     -0.174857     
  3.24000171000E+09 -0.128719        0.00643227    -0.472984        0.432044      -0.448678        0.444769       0.00587176     -0.174616     
  3.25000168750E+09 -0.128002        0.0148593     -0.464515        0.439946      -0.432254        0.459308       0.00600066     -0.174736     
  3.26000166500E+09 -0.125996        0.0246261     -0.4566          0.441825      -0.413121        0.475737       0.00873647     -0.172873     
  3.27000164250E+09 -0.123255        0.0342301     -0.436412        0.45394       -0.394473        0.489899       0.00665301     -0.171045     
  3.28000162000E+09 -0.120001        0.0415817     -0.401106        0.479761      -0.373086        0.504269      -0.00327084     -0.170479     
  3.29000159750E+09 -0.117178        0.0480423     -0.353447        0.517944      -0.3518          0.516622      -0.0177271      -0.17198      
  3.30000157500E+09 -0.114743        0.0565436     -0.315217        0.544412      -0.327676        0.529506      -0.0286266      -0.171451     
  3.31000155250E+09 -0.109232        0.0647212     -0.285883        0.565782      -0.304611        0.541094      -0.0350528      -0.173586     
  3.32000153000E+09 -0.105799        0.071206      -0.277394        0.574297      -0.284954        0.551542      -0.0342253      -0.174802     
  3.33000150750E+09 -0.0997547       0.0769625     -0.263627        0.578952      -0.264598        0.558428      -0.0342864      -0.17465      
  3.34000148500E+09 -0.0945027       0.0852509     -0.244796        0.588985      -0.245042        0.567236      -0.0364447      -0.17516      
  3.35000146250E+09 -0.088213        0.0914885     -0.227184        0.594195      -0.223748        0.576365      -0.0374989      -0.175135     
  3.36000144000E+09 -0.0806719       0.0974075     -0.204442        0.600717      -0.196084        0.585045      -0.04083        -0.17415      
  3.37000141750E+09 -0.0738522       0.103199      -0.178428        0.609822      -0.165867        0.594272      -0.0447764      -0.174157     
  3.38000139500E+09 -0.0663351       0.109222      -0.160715        0.612662      -0.14388         0.600755      -0.0459246      -0.173063     
  3.39000137250E+09 -0.0596541       0.113349      -0.145841        0.615788      -0.125047        0.605236      -0.0460997      -0.174279     
  3.40000135000E+09 -0.0534803       0.11752       -0.132537        0.62029       -0.111426        0.609777      -0.046892       -0.174152     
  3.41000132750E+09 -0.047086        0.120344      -0.126921        0.620067      -0.104412        0.609647      -0.0444401      -0.174166     
  3.42000130500E+09 -0.041824        0.122575      -0.121506        0.616444      -0.095374        0.605724      -0.0416978      -0.174098     
  3.43000128250E+09 -0.034022        0.12489       -0.109605        0.613748      -0.0808617       0.603397      -0.0420555      -0.173017     
  3.44000126000E+09 -0.0252407       0.128023      -0.0878858       0.611777      -0.0559909       0.602487      -0.0438797      -0.171323     
  3.45000123750E+09 -0.0152107       0.129631      -0.0586783       0.611073      -0.0280866       0.600211      -0.0484497      -0.169026     
  3.46000121500E+09 -0.00557333      0.130076      -0.0360284       0.607779       1.46043E-05     0.596543      -0.0508592      -0.167849     
  3.47000119250E+09  0.00561651      0.13132       -0.0242656       0.60247        0.0271571       0.59454       -0.0511738      -0.166021     
  3.48000117000E+09  0.015221        0.130461      -0.00658231      0.593339       0.051798        0.591347      -0.0516479      -0.162955     
  3.49000114750E+09  0.0263074       0.130586       0.0224113       0.587428       0.0776902       0.585564      -0.057385       -0.160782     
  3.50000112500E+09  0.0351056       0.128158       0.0528997       0.579077       0.0984295       0.578572      -0.063181       -0.156888     
  3.51000110250E+09  0.0438124       0.126412       0.0876218       0.573269       0.117641        0.571349      -0.0714783      -0.15437      
  3.52000108000E+09  0.052899        0.12395        0.126466        0.568576       0.141823        0.56364       -0.08034        -0.153685     
  3.53000105750E+09  0.0632078       0.120886       0.171088        0.563598       0.170935        0.553687      -0.0912349      -0.152329     
  3.54000103500E+09  0.0734039       0.117538       0.202805        0.555708       0.196791        0.544088      -0.098774       -0.149839     
  3.55000101250E+09  0.0813505       0.115006       0.215835        0.55335        0.212025        0.540313      -0.10024        -0.150248     
  3.56000099000E+09  0.0884695       0.111964       0.225228        0.547919       0.225974        0.532742      -0.101521       -0.149995     
  3.57000096750E+09  0.0970398       0.105779       0.23894         0.538867       0.241004        0.520517      -0.103831       -0.148227     
  3.58000094500E+09  0.1048          0.0994042      0.252828        0.528871       0.26031         0.506761      -0.105745       -0.146106     
  3.59000092250E+09  0.111496        0.0928823      0.264236        0.517075       0.277155        0.493173      -0.108451       -0.142907     
  3.60000090000E+09  0.119945        0.0852129      0.278539        0.502659       0.296093        0.479295      -0.111494       -0.140211     
  3.61000087750E+09  0.125509        0.0780455      0.296987        0.486661       0.311392        0.46442       -0.115681       -0.136205     
  3.62000085500E+09  0.132465        0.0706472      0.314981        0.47192        0.326871        0.448502      -0.119586       -0.132585     
  3.63000083250E+09  0.138346        0.0627759      0.331812        0.454467       0.340841        0.434348      -0.124184       -0.129909     
  3.64000081000E+09  0.143492        0.0542347      0.348395        0.437841       0.353671        0.417883      -0.128266       -0.125041     
  3.65000078750E+09  0.150323        0.0463044      0.365426        0.426574       0.36885         0.401902      -0.133313       -0.123438     
  3.66000076500E+09  0.154612        0.0362259      0.378469        0.410968       0.38119         0.386423      -0.136586       -0.119877     
  3.67000074250E+09  0.158473        0.0263667      0.38967         0.392412       0.390914        0.369909      -0.138854       -0.115724     
  3.68000072000E+09  0.161625        0.0170233      0.401453        0.373568       0.402768        0.354789      -0.143413       -0.110757     
  3.69000069750E+09  0.164441        0.00715011     0.410313        0.357919       0.410484        0.337097      -0.145684       -0.107279     
  3.70000067500E+09  0.16684        -0.00284316     0.420552        0.339555       0.418594        0.320557      -0.148939       -0.10167      
  3.71000065250E+09  0.16782        -0.0126299      0.430193        0.320189       0.4259          0.3025        -0.152163       -0.0964208    
  3.72000063000E+09  0.168644       -0.0225191      0.436461        0.30125        0.431704        0.284891      -0.15509        -0.0906428    
  3.73000060750E+09  0.168104       -0.0336889      0.443923        0.279932       0.438179        0.266367      -0.157755       -0.084522     
  3.74000058500E+09  0.169177       -0.0453429      0.453254        0.260572       0.446137        0.2473        -0.161484       -0.0781708    
  3.75000056250E+09  0.168678       -0.056527       0.458095        0.24412        0.452001        0.228977      -0.163054       -0.0721332    
  3.76000054000E+09  0.1683         -0.0665713      0.462262        0.230064       0.457071        0.211398      -0.166062       -0.0664322    
  3.77000051750E+09  0.166028       -0.077738       0.468046        0.213025       0.45911         0.192847      -0.169368       -0.0602459    
  3.78000049500E+09  0.162309       -0.0886499      0.469282        0.195674       0.461929        0.173472      -0.170645       -0.0536877    
  3.79000047250E+09  0.161048       -0.09918        0.477637        0.175831       0.465374        0.159841      -0.175067       -0.0453647    
  3.80000045000E+09  0.156518       -0.109015       0.476354        0.157166       0.465155        0.141421      -0.177197       -0.0372079    
  3.81000042750E+09  0.15149        -0.119441       0.474207        0.144896       0.463976        0.123837      -0.177679       -0.0319408    
  3.82000040500E+09  0.145452       -0.128949       0.473845        0.124854       0.464383        0.104308      -0.178761       -0.022962     
  3.83000038250E+09  0.139761       -0.139584       0.473809        0.105151       0.462615        0.0858231     -0.179385       -0.0139009    
  3.84000036000E+09  0.132992       -0.14925        0.470538        0.0843734      0.460869        0.0685066     -0.17927        -0.00491629   
  3.85000033750E+09  0.126275       -0.158817       0.467467        0.0652338      0.457892        0.0494584     -0.178675        0.00341379   
  3.86000031500E+09  0.117871       -0.168171       0.464124        0.0471056      0.454281        0.0336624     -0.178101        0.0127984    
  3.87000029250E+09  0.109897       -0.175539       0.459219        0.0303986      0.448693        0.019584      -0.177095        0.0218343    
  3.88000027000E+09  0.101053       -0.184063       0.452075        0.0145148      0.444364        0.00330032    -0.174521        0.0302991    
  3.89000024750E+09  0.0907072      -0.192536       0.446492       -0.00199529     0.439462       -0.0107495     -0.172249        0.0397153    
  3.90000022500E+09  0.0808401      -0.19838        0.441739       -0.0199669      0.433423       -0.02595       -0.169436        0.0502559    
  3.91000020250E+09  0.0698627      -0.204061       0.438407       -0.0393907      0.425967       -0.0399543     -0.166646        0.0619464    
  3.92000018000E+09  0.0590243      -0.208688       0.431738       -0.0541374      0.41808        -0.0530485     -0.162965        0.0703053    
  3.93000015750E+09  0.0482772      -0.215708       0.426542       -0.0676047      0.411791       -0.0669455     -0.157649        0.080188     
  3.94000013500E+09  0.0368207      -0.220004       0.420698       -0.0815517      0.404578       -0.0807938     -0.153074        0.0913541    
  3.95000011250E+09  0.0255296      -0.223288       0.409884       -0.0908288      0.396          -0.0908252     -0.147347        0.0989261    
  3.96000009000E+09  0.012583       -0.226233       0.396597       -0.0950054      0.387083       -0.0999642     -0.139554        0.105715     
  3.97000006750E+09  0.00255151     -0.229859       0.386946       -0.101132       0.381468       -0.109283      -0.133253        0.11387      
  3.98000004500E+09 -0.00780099     -0.231968       0.378362       -0.108983       0.374257       -0.115834      -0.126899        0.122438     
  3.99000002250E+09 -0.0203477      -0.233657       0.370928       -0.118653       0.366198       -0.126938      -0.118239        0.132608     
  4.00000000000E+09 -0.0316559      -0.234547       0.361777       -0.130283       0.357751       -0.134158      -0.107698        0.141576     
