# Created by Octave 2.9.9, Wed Jun 06 12:59:45 2007 CEST <josele@josele-laptop>
# name: freq
# type: matrix
# rows: 401
# columns: 1
 9000
 10008977.5
 20008955
 30008932.5
 40008910
 50008887.5
 60008865
 70008842.5
 80008820
 90008797.5
 100008775
 110008752.5
 120008730
 130008707.5
 140008685
 150008662.5
 160008640
 170008617.5
 180008595
 190008572.5
 200008550
 210008527.5
 220008505
 230008482.5
 240008460
 250008437.5
 260008415
 270008392.5
 280008370
 290008347.5
 300008325
 310008302.5
 320008280
 330008257.5
 340008235
 350008212.5
 360008190
 370008167.5
 380008145
 390008122.5
 400008100
 410008077.5
 420008055
 430008032.5
 440008010
 450007987.5
 460007965
 470007942.5
 480007920
 490007897.5
 500007875
 510007852.5
 520007830
 530007807.5
 540007785
 550007762.5
 560007740
 570007717.5
 580007695
 590007672.5
 600007650
 610007627.5
 620007605
 630007582.5
 640007560
 650007537.5
 660007515
 670007492.5
 680007470
 690007447.5
 700007425
 710007402.5
 720007380
 730007357.5
 740007335
 750007312.5
 760007290
 770007267.5
 780007245
 790007222.5
 800007200
 810007177.5
 820007155
 830007132.5
 840007110
 850007087.5
 860007065
 870007042.5
 880007020
 890006997.5
 900006975
 910006952.5
 920006930
 930006907.5
 940006885
 950006862.5
 960006840
 970006817.5
 980006795
 990006772.5
 1000006750
 1010006727.5
 1020006705
 1030006682.5
 1040006660
 1050006637.5
 1060006615
 1070006592.5
 1080006570
 1090006547.5
 1100006525
 1110006502.5
 1120006480
 1130006457.5
 1140006435
 1150006412.5
 1160006390
 1170006367.5
 1180006345
 1190006322.5
 1200006300
 1210006277.5
 1220006255
 1230006232.5
 1240006210
 1250006187.5
 1260006165
 1270006142.5
 1280006120
 1290006097.5
 1300006075
 1310006052.5
 1320006030
 1330006007.5
 1340005985
 1350005962.5
 1360005940
 1370005917.5
 1380005895
 1390005872.5
 1400005850
 1410005827.5
 1420005805
 1430005782.5
 1440005760
 1450005737.5
 1460005715
 1470005692.5
 1480005670
 1490005647.5
 1500005625
 1510005602.5
 1520005580
 1530005557.5
 1540005535
 1550005512.5
 1560005490
 1570005467.5
 1580005445
 1590005422.5
 1600005400
 1610005377.5
 1620005355
 1630005332.5
 1640005310
 1650005287.5
 1660005265
 1670005242.5
 1680005220
 1690005197.5
 1700005175
 1710005152.5
 1720005130
 1730005107.5
 1740005085
 1750005062.5
 1760005040
 1770005017.5
 1780004995
 1790004972.5
 1800004950
 1810004927.5
 1820004905
 1830004882.5
 1840004860
 1850004837.5
 1860004815
 1870004792.5
 1880004770
 1890004747.5
 1900004725
 1910004702.5
 1920004680
 1930004657.5
 1940004635
 1950004612.5
 1960004590
 1970004567.5
 1980004545
 1990004522.5
 2000004500
 2010004477.5
 2020004455
 2030004432.5
 2040004410
 2050004387.5
 2060004365
 2070004342.5
 2080004320
 2090004297.5
 2100004275
 2110004252.5
 2120004230
 2130004207.5
 2140004185
 2150004162.5
 2160004140
 2170004117.5
 2180004095
 2190004072.5
 2200004050
 2210004027.5
 2220004005
 2230003982.5
 2240003960
 2250003937.5
 2260003915
 2270003892.5
 2280003870
 2290003847.5
 2300003825
 2310003802.5
 2320003780
 2330003757.5
 2340003735
 2350003712.5
 2360003690
 2370003667.5
 2380003645
 2390003622.5
 2400003600
 2410003577.5
 2420003555
 2430003532.5
 2440003510
 2450003487.5
 2460003465
 2470003442.5
 2480003420
 2490003397.5
 2500003375
 2510003352.5
 2520003330
 2530003307.5
 2540003285
 2550003262.5
 2560003240
 2570003217.5
 2580003195
 2590003172.5
 2600003150
 2610003127.5
 2620003105
 2630003082.5
 2640003060
 2650003037.5
 2660003015
 2670002992.5
 2680002970
 2690002947.5
 2700002925
 2710002902.5
 2720002880
 2730002857.5
 2740002835
 2750002812.5
 2760002790
 2770002767.5
 2780002745
 2790002722.5
 2800002700
 2810002677.5
 2820002655
 2830002632.5
 2840002610
 2850002587.5
 2860002565
 2870002542.5
 2880002520
 2890002497.5
 2900002475
 2910002452.5
 2920002430
 2930002407.5
 2940002385
 2950002362.5
 2960002340
 2970002317.5
 2980002295
 2990002272.5
 3000002250
 3010002227.5
 3020002205
 3030002182.5
 3040002160
 3050002137.5
 3060002115
 3070002092.5
 3080002070
 3090002047.5
 3100002025
 3110002002.5
 3120001980
 3130001957.5
 3140001935
 3150001912.5
 3160001890
 3170001867.5
 3180001845
 3190001822.5
 3200001800
 3210001777.5
 3220001755
 3230001732.5
 3240001710
 3250001687.5
 3260001665
 3270001642.5
 3280001620
 3290001597.5
 3300001575
 3310001552.5
 3320001530
 3330001507.5
 3340001485
 3350001462.5
 3360001440
 3370001417.5
 3380001395
 3390001372.5
 3400001350
 3410001327.5
 3420001305
 3430001282.5
 3440001260
 3450001237.5
 3460001215
 3470001192.5
 3480001170
 3490001147.5
 3500001125
 3510001102.5
 3520001080
 3530001057.5
 3540001035
 3550001012.5
 3560000990
 3570000967.5
 3580000945
 3590000922.5
 3600000900
 3610000877.5
 3620000855
 3630000832.5
 3640000810
 3650000787.5
 3660000765
 3670000742.5
 3680000720
 3690000697.5
 3700000675
 3710000652.5
 3720000630
 3730000607.5
 3740000585
 3750000562.5
 3760000540
 3770000517.5
 3780000495
 3790000472.5
 3800000450
 3810000427.5
 3820000405
 3830000382.5
 3840000360
 3850000337.5
 3860000315
 3870000292.5
 3880000270
 3890000247.5
 3900000225
 3910000202.5
 3920000180
 3930000157.5
 3940000135
 3950000112.5
 3960000090
 3970000067.5
 3980000045
 3990000022.5
 4000000000
# name: S11dB
# type: matrix
# rows: 401
# columns: 1
 -6.034858524503157
 -6.05534956797484
 -6.07473139582959
 -6.074562921342959
 -6.088223488892064
 -6.098088517826056
 -6.092520718354612
 -6.09988185805812
 -6.107193017827617
 -6.125162355926951
 -6.115921230078486
 -6.123607754189296
 -6.131683975236692
 -6.131139006605279
 -6.149803602535856
 -6.144200787426957
 -6.154149469819697
 -6.173310703139187
 -6.16647378780722
 -6.185087280421905
 -6.178516302603053
 -6.184073107948401
 -6.202718503543187
 -6.216000176832825
 -6.218722127607497
 -6.227106783867545
 -6.243909935275992
 -6.248960424626925
 -6.258601830591822
 -6.267606206862441
 -6.272195765787842
 -6.278831442631247
 -6.295476466698197
 -6.303121999161321
 -6.317922126077628
 -6.331178254321596
 -6.334832378909433
 -6.3529990275237
 -6.363105787288239
 -6.388987283447099
 -6.406288686282443
 -6.410858950271541
 -6.43104113265752
 -6.439089521452504
 -6.462916379490677
 -6.490521900197103
 -6.509432004275039
 -6.515138163949209
 -6.528289920295337
 -6.560718889681239
 -6.572434310700443
 -6.612293751870326
 -6.616947159318562
 -6.638977603148813
 -6.654570815025695
 -6.666901011308819
 -6.697012506728081
 -6.718283382099242
 -6.756226804991318
 -6.757313035649741
 -6.784022465106057
 -6.812913912453053
 -6.838277970210827
 -6.862072892889591
 -6.90074264767113
 -6.947553197115647
 -6.962617731047011
 -7.007128548317914
 -7.040989383187073
 -7.064524827022146
 -7.105135910297879
 -7.150219937430236
 -7.189368499011463
 -7.226821609228797
 -7.260993234140867
 -7.294158044494202
 -7.33592006680415
 -7.366065170252184
 -7.403165460812668
 -7.441699465211013
 -7.475535016272136
 -7.512497702172666
 -7.569034012366162
 -7.624301451449149
 -7.683555016065107
 -7.735851049308662
 -7.786264217042889
 -7.846686467890491
 -7.905590630382969
 -7.981070643960675
 -8.065394821983842
 -8.117352465388075
 -8.185062399975443
 -8.26068231695635
 -8.350482380505017
 -8.405132209167718
 -8.4846640586563
 -8.55472225020819
 -8.61988286307994
 -8.696174726123001
 -8.775062471195136
 -8.85594495820258
 -8.94580906598196
 -9.031496764135674
 -9.133570863208828
 -9.23171693984543
 -9.316525724820439
 -9.42870169988403
 -9.529429808520259
 -9.647509079095464
 -9.756915733367517
 -9.872764130660103
 -9.978088232963167
 -10.12383579869796
 -10.2477356765029
 -10.39928444222879
 -10.53070302723379
 -10.67368480282487
 -10.80536134183538
 -10.97061756269252
 -11.11515373360823
 -11.2785220007576
 -11.46461568080872
 -11.6291870434878
 -11.83205823403138
 -11.99542025586967
 -12.17345208783088
 -12.37837598773231
 -12.58275576666816
 -12.81394028404056
 -13.01874879574347
 -13.2390137744814
 -13.48946254235553
 -13.75425677981247
 -14.03526069175576
 -14.27348657360943
 -14.54677240328725
 -14.81611071530441
 -15.15373169893408
 -15.43329689427005
 -15.76941348588398
 -16.14213075019956
 -16.48743435369908
 -16.89300978916343
 -17.19801724241322
 -17.62633185985139
 -18.08920829937137
 -18.6046548499148
 -19.01237181149636
 -19.5489713188297
 -20.09454443921941
 -20.60864699368619
 -21.15053516989221
 -21.81576960891481
 -22.41428370208864
 -23.05706761847689
 -23.69996646207335
 -24.43514678889036
 -25.04995588611622
 -25.67346347013086
 -26.15571416624251
 -26.48935037810436
 -26.74910954351647
 -26.84412653134398
 -26.71335537467639
 -26.43007567546286
 -25.92280527986525
 -25.31769698705135
 -24.78641241433425
 -24.19082157070242
 -23.57981686379475
 -23.04007728833177
 -22.42348300658993
 -21.86996411688503
 -21.42974924982878
 -20.93665894392032
 -20.47388785425021
 -20.099179305053
 -19.69741965348091
 -19.38838242560491
 -18.96987510735173
 -18.68361665205654
 -18.37914207951818
 -18.10998921161741
 -17.86744687316531
 -17.6472530866792
 -17.40345934338965
 -17.21188196851354
 -17.0391688107775
 -16.86969345435408
 -16.72682763461358
 -16.56360123558796
 -16.41973607668738
 -16.29190731019723
 -16.13187916691597
 -16.05599693558152
 -15.99108364620951
 -15.91503958122636
 -15.82256167263249
 -15.75022816930464
 -15.72714691906374
 -15.67257509380881
 -15.63190345243803
 -15.56774354516235
 -15.52944698980631
 -15.54992662038028
 -15.540546877565
 -15.50069647182373
 -15.47567548845099
 -15.45199207569492
 -15.42973290977206
 -15.39257829261005
 -15.38825835858047
 -15.42291047165834
 -15.44859376701339
 -15.43910125957902
 -15.40655685359692
 -15.43245971526134
 -15.42667850753985
 -15.45560650268918
 -15.45671468764775
 -15.49588088303763
 -15.53310457375844
 -15.49772794562401
 -15.52601731869513
 -15.57944305818412
 -15.5514851029882
 -15.57054321313633
 -15.61328036581565
 -15.66889973644011
 -15.64635905076874
 -15.63512169800457
 -15.67504810653915
 -15.71449652503192
 -15.75660888217014
 -15.79737642456415
 -15.78191888953998
 -15.76499921200083
 -15.77851798506987
 -15.79420814697672
 -15.84206224293957
 -15.86061691777847
 -15.89854092884854
 -15.93589331045563
 -15.95588095755511
 -15.97842454520891
 -15.96903149028474
 -16.00221628490577
 -16.04074942535001
 -16.04525055330456
 -16.09230690528039
 -16.12093067404036
 -16.13707660474266
 -16.17362686535094
 -16.18833613848082
 -16.21294591784371
 -16.16693797298571
 -16.249584612719
 -16.25386870326629
 -16.29297394471769
 -16.29769348076049
 -16.31599681476515
 -16.32223166998506
 -16.34031554155791
 -16.36008695732791
 -16.44069468835271
 -16.41635580348868
 -16.48843417737852
 -16.45133779941382
 -16.43456975328121
 -16.49170638243303
 -16.48196820107941
 -16.53897106544168
 -16.56781638645896
 -16.60074631842427
 -16.55804229308769
 -16.60627603745522
 -16.65122088752624
 -16.63814743556896
 -16.68200234188591
 -16.72296601609058
 -16.70563689998416
 -16.74473183876919
 -16.77207368620964
 -16.77585926844628
 -16.81129175512601
 -16.80069732944119
 -16.86184232289188
 -16.80846503805458
 -16.85340592398467
 -16.8249647957544
 -16.78371469885869
 -16.86443652606473
 -16.81912846224933
 -16.82621172002974
 -16.86583072022376
 -16.9114107059066
 -16.9017262811611
 -16.9643165399446
 -17.01156909395561
 -17.09509743056295
 -17.12583679529566
 -17.18306260886354
 -17.19544792391538
 -17.30045705739771
 -17.33031272310106
 -17.34548758254635
 -17.42805093633764
 -17.42170077470659
 -17.50785601408766
 -17.53807644458173
 -17.54690193030541
 -17.54253164449852
 -17.51877384523676
 -17.52644871913874
 -17.55187137992018
 -17.55247529918088
 -17.61557314357266
 -17.61537570051976
 -17.66087091868462
 -17.67321256945743
 -17.69146110794549
 -17.68197843703659
 -17.72304545755053
 -17.79631542619993
 -17.79752991328795
 -17.83004930103379
 -17.86123937970396
 -17.92385078672286
 -17.94829582926687
 -17.86133493195464
 -17.92622473957323
 -17.88780035463669
 -17.99307425150421
 -17.90525836310615
 -17.91782325154754
 -17.95983812396849
 -17.93061355682286
 -17.87019379587057
 -17.84981212914993
 -17.78035928683757
 -17.77289517164466
 -17.75366530354224
 -17.75855345328986
 -17.68862336715909
 -17.68643545898221
 -17.70809088438102
 -17.62544547602981
 -17.63166809678041
 -17.50929314816342
 -17.53086130082786
 -17.47158611719345
 -17.40838559655541
 -17.30285109650002
 -17.16623817198041
 -17.02364568707512
 -16.91162723402084
 -16.86007998505664
 -16.80597534799891
 -16.76572986192878
 -16.64581391169954
 -16.60675602919043
 -16.47084565848878
 -16.3675611679563
 -16.28353031973068
 -16.0658096396517
 -15.98303371770119
 -15.88230596010849
 -15.78191585557016
 -15.67159469217195
 -15.55273535210324
 -15.47859723760512
 -15.38382807271165
 -15.31742834947816
 -15.13189436703097
 -14.99659638918551
 -14.84700811534634
 -14.73550955265455
 -14.65935593259412
 -14.46443050682039
 -14.39111585617922
 -14.29277628719339
 -14.22690585782122
 -14.08748016657458
 -13.98348061849864
 -13.85437961832837
 -13.74944312702893
 -13.67630880266064
 -13.55651067837861
 -13.43921860096063
 -13.38284344531043
 -13.32344530308187
 -13.27583012848398
 -13.11040943800872
 -13.03141239155538
 -12.96628724033147
 -12.89546655002837
 -12.77023464772022
 -12.68652956177991
 -12.59561335008322
 -12.51700379747392
# name: S11rad
# type: matrix
# rows: 401
# columns: 1
 -3.13764901488384
 3.096659590977507
 3.062391939451311
 3.02685399296227
 2.996174298984197
 2.960683873722104
 2.92689418025821
 2.89413946894125
 2.860928639578923
 2.827164442025477
 2.793347868002655
 2.760833724562144
 2.728305763730849
 2.693626516180998
 2.65960854721342
 2.627503463551076
 2.59316677592962
 2.559129333881913
 2.526136625699374
 2.493383203367392
 2.45928074204139
 2.42608476139252
 2.390946979775223
 2.35865769258722
 2.325222779428305
 2.290784471432388
 2.25798094265524
 2.224672431180244
 2.192355041897131
 2.158628290742378
 2.125783270327994
 2.092557285860006
 2.059363282600041
 2.026035453623011
 1.993902875378533
 1.957846231444503
 1.924383262967987
 1.891091999357802
 1.859539657605737
 1.824779911845009
 1.792046260024783
 1.75782183318989
 1.723801612804931
 1.689498725376332
 1.657249312725506
 1.622576194443534
 1.58834127649615
 1.554161693234369
 1.51981654567959
 1.485598784019864
 1.451572060972766
 1.419813000101364
 1.387038727191231
 1.353930318177621
 1.319598811107464
 1.284409067125424
 1.252177699371473
 1.218862365923927
 1.186127332400253
 1.152275797532687
 1.120487497743957
 1.085652038483892
 1.052503043268768
 1.01739106377103
 0.9845407540926804
 0.9496714697012842
 0.9135514499500677
 0.8800915129552249
 0.8428389482653043
 0.8091344799756188
 0.774250783662223
 0.7395741774256204
 0.7050977050868447
 0.6694915816139214
 0.6368079585615939
 0.6021567436778997
 0.5665584192475706
 0.5340580820523503
 0.5007788553546213
 0.4646262327577016
 0.4302372664047895
 0.3960526806047765
 0.3611525746726806
 0.3270793034381255
 0.2931115617545398
 0.2587700606040352
 0.2231733681839825
 0.1858075534669261
 0.1487937465975947
 0.1137349102235517
 0.07783040571127216
 0.04488825777151848
 0.007438919089262299
 -0.03149769176750879
 -0.06625858733796258
 -0.1002259249365337
 -0.136431312034066
 -0.1715011180753852
 -0.2062278540105542
 -0.2419204623080493
 -0.2836477846097792
 -0.317513098474853
 -0.3530663278753468
 -0.3923019302084425
 -0.4287183078914956
 -0.4660268956169568
 -0.5032961528296536
 -0.543077854335919
 -0.5806083595335914
 -0.6171325993900127
 -0.6523572381509528
 -0.6923091596077768
 -0.7303879898063094
 -0.7654346184927819
 -0.8059201043744005
 -0.8431000382670392
 -0.880500633258257
 -0.9210428688664147
 -0.9615404174800189
 -1.001255466843768
 -1.037042547620987
 -1.073776520550635
 -1.115096776471577
 -1.149748020181523
 -1.190037248834239
 -1.227942400641227
 -1.269463996002351
 -1.309752499299938
 -1.348847541543362
 -1.384668795680317
 -1.422574850477689
 -1.459698891917101
 -1.49871641031076
 -1.534674797204957
 -1.573787883765856
 -1.616371685501457
 -1.651402043018527
 -1.689440715893929
 -1.725416431652333
 -1.761020687075878
 -1.799071689956572
 -1.832354106633768
 -1.870271732691652
 -1.899872588981985
 -1.93440209653619
 -1.972063523356954
 -1.99039318027825
 -2.018040225560542
 -2.035072992550568
 -2.06367093555524
 -2.085743169105996
 -2.105715413832744
 -2.110157393942336
 -2.130465887868151
 -2.120129972213661
 -2.114646977326271
 -2.092422253023772
 -2.070147304042606
 -2.030210275736506
 -1.982346749764446
 -1.899307241695138
 -1.825267024455868
 -1.727396100639934
 -1.624961371132854
 -1.544172470550728
 -1.469964651938235
 -1.391752100630924
 -1.338349533461369
 -1.304203096861214
 -1.263891806467917
 -1.251360310053244
 -1.248509516859923
 -1.254317168940396
 -1.263615418665639
 -1.284608896155526
 -1.307973975340278
 -1.336627820756922
 -1.366651630728474
 -1.403712551945432
 -1.438729497968914
 -1.481194725007642
 -1.521190606168133
 -1.56317832825493
 -1.612948190829444
 -1.658872551173181
 -1.704402514199401
 -1.756386181629345
 -1.805385777102308
 -1.853100329705107
 -1.900320505119906
 -1.953991953673604
 -2.006007053561782
 -2.057215764113604
 -2.109946805278959
 -2.159075923093059
 -2.208503314682103
 -2.259644869620015
 -2.316880816110594
 -2.371153721887068
 -2.419194420812379
 -2.475474714620501
 -2.531233551528962
 -2.5807184629629
 -2.632350423827877
 -2.690045152746172
 -2.742149399369057
 -2.794047620801966
 -2.85027337048499
 -2.907770060536324
 -2.961047341884724
 -3.009515717085744
 -3.064523171684923
 -3.116604179514372
 3.110853477566682
 3.058695428794648
 3.0047440294203
 2.950243120210309
 2.895124867274222
 2.845113154438464
 2.79364911927134
 2.738293799645025
 2.684889210994322
 2.628949068959427
 2.571596513874729
 2.518703084147375
 2.467246013862207
 2.411863624970075
 2.357876031550485
 2.304383856426457
 2.245946087330465
 2.19000576506925
 2.137615145533362
 2.091103399139948
 2.032132851080007
 1.977404352266727
 1.927431209189394
 1.872691514791835
 1.812871156988304
 1.75777025555444
 1.703607440067066
 1.65326526071691
 1.598795343734469
 1.548328038487984
 1.49280147721022
 1.430488945230315
 1.376666217340985
 1.327497744148701
 1.262368539942047
 1.20801019937041
 1.149028326123711
 1.089676677981614
 1.041163040069524
 0.9876149494436235
 0.933639793606129
 0.8745157272634422
 0.8176199851046668
 0.7656034531256607
 0.7085417537768245
 0.6537850611673587
 0.6009858708497132
 0.5474290224728319
 0.4883332287400163
 0.423033363760943
 0.368006930622583
 0.312713434901202
 0.2658070248250594
 0.2108709582337514
 0.1507388049707624
 0.09299729062491076
 0.03215434064769112
 -0.01881212537122066
 -0.07999752383263976
 -0.1318953885151206
 -0.195008503285278
 -0.243560163883945
 -0.302242509798083
 -0.3698823799259871
 -0.4310329651977677
 -0.4861288234183992
 -0.5347110821927736
 -0.5846346081942163
 -0.634173206274856
 -0.6973175595881171
 -0.7561289866255492
 -0.8120461965480359
 -0.8636787354880038
 -0.9164542509742661
 -0.9793281565801235
 -1.04071301714567
 -1.112711756563383
 -1.195393951104705
 -1.24706890045293
 -1.288384139017465
 -1.352461291315269
 -1.415356470954305
 -1.474065221739685
 -1.520591430631901
 -1.570768887955752
 -1.624205624435708
 -1.676593283254047
 -1.738094543297426
 -1.790878135764228
 -1.847970547078783
 -1.909089795616867
 -1.963158397561739
 -2.009703447401029
 -2.069734026568805
 -2.130517119313238
 -2.19513480297447
 -2.251467452042123
 -2.315414881931756
 -2.376168861676995
 -2.434937953769285
 -2.500432672063263
 -2.564426898764243
 -2.627521707412718
 -2.687064285571872
 -2.751805576844344
 -2.816241792349494
 -2.882624457655822
 -2.955157649988997
 -3.019511736725735
 -3.081675200017262
 -3.135542076887283
 3.091662776021161
 3.026023473032486
 2.948574507420156
 2.870701541520805
 2.808029200627017
 2.752500390558595
 2.683733891282689
 2.606697708243594
 2.549196949852578
 2.484461948874631
 2.407618457963606
 2.337969059009609
 2.262491398875733
 2.191934738888372
 2.116596821525576
 2.055251675426044
 1.997861798602477
 1.943747077539551
 1.899620397872221
 1.836758374761423
 1.765457265953169
 1.687600660079595
 1.613616856088929
 1.528052730232693
 1.454650540709078
 1.37200066827761
 1.303430391003013
 1.237167784753502
 1.16742157013584
 1.089019667292852
 1.012547957472854
 0.9551486611998504
 0.9020841087924911
 0.8284602341246855
 0.7589807599549145
 0.6945739899324513
 0.6176937892543658
 0.5563178869409469
 0.4899526243405277
 0.4259764557726275
 0.3613660374978903
 0.2988098574612819
 0.2301503823059412
 0.1648695138034476
 0.1049390014888403
 0.04345393817541302
 -0.01703958778765046
 -0.07511700661435747
 -0.1327451472196856
 -0.1977850548353257
 -0.2618658947126339
 -0.3233557122807895
 -0.3766655008860101
 -0.4379037747769843
 -0.4999055188834685
 -0.5519861147670628
 -0.6083740229804333
 -0.6676532202622636
 -0.7253286094132105
 -0.7847645383949867
 -0.8429376286916909
 -0.8990518695587361
 -0.9594668058429844
 -1.011439000400878
 -1.068711120939222
 -1.13052001058996
 -1.183840119125453
 -1.240942240602131
 -1.295160537795709
 -1.350616630749759
 -1.404969458383968
 -1.45695581764577
 -1.515233925772337
 -1.559696455956416
 -1.604413253058633
 -1.657660819565029
 -1.704951787090436
# name: SN1dB
# type: matrix
# rows: 401
# columns: 1
 -6.053183090999691
 -5.908603130427057
 -5.90219558277516
 -5.912379408389
 -5.91725853208597
 -5.906623229760028
 -5.912086887343952
 -5.91255674375773
 -5.912191950846503
 -5.916658969255144
 -5.917244527278958
 -5.917850632133533
 -5.923845457448208
 -5.922584323683435
 -5.921171984497239
 -5.924180723198901
 -5.924053735407691
 -5.938159024673537
 -5.940174980216122
 -5.943760522942685
 -5.950529907964923
 -5.957334901152265
 -5.958812664338778
 -5.976866946105646
 -5.973259959161124
 -5.968655629730818
 -5.97439818081683
 -5.989918354293394
 -6.011704732683664
 -6.009803814806252
 -5.997510324713884
 -6.013945430698573
 -6.020472813300389
 -6.020378378974051
 -6.025953701099708
 -6.031237096313356
 -6.034825726407297
 -6.043143846843798
 -6.053316103952668
 -6.072615654013179
 -6.065303705820446
 -6.06540274505786
 -6.067470380916083
 -6.067661283527097
 -6.077296138264865
 -6.091920756448406
 -6.094195954973457
 -6.095165439976155
 -6.102039172181994
 -6.103249083801316
 -6.121216356785974
 -6.137763769391432
 -6.132895361259116
 -6.141513930131809
 -6.155353458515888
 -6.14376712396203
 -6.16151423570038
 -6.170082743337276
 -6.162696521439396
 -6.170328623224117
 -6.180738853054496
 -6.160424553198328
 -6.169332933391485
 -6.181503172696834
 -6.195953656923377
 -6.202642212748842
 -6.198972741683345
 -6.205002316654915
 -6.217960833399675
 -6.218382487407861
 -6.213304861476107
 -6.229755906148895
 -6.233145215587193
 -6.224293943566304
 -6.24884961482419
 -6.246606179124885
 -6.252803482428079
 -6.250414919582019
 -6.246357563186319
 -6.270453841346098
 -6.250655682177026
 -6.255162172831844
 -6.257462016297405
 -6.252806296183446
 -6.261055362317278
 -6.261121622569757
 -6.267340583460936
 -6.268416652579637
 -6.274811297029471
 -6.279691979164906
 -6.280045664060182
 -6.297929426341237
 -6.296729229278903
 -6.29849689926464
 -6.310328310384373
 -6.318691538620394
 -6.343452630616425
 -6.341417872883831
 -6.338482538747382
 -6.341456031830317
 -6.338560984180088
 -6.361916868704575
 -6.369305256451455
 -6.367975268736079
 -6.390388174163379
 -6.385883148642403
 -6.39744677919905
 -6.420573284473061
 -6.425674160979613
 -6.428009779735488
 -6.47073433115538
 -6.469161051529017
 -6.45055732231406
 -6.474183563933055
 -6.480438246669815
 -6.505493173143324
 -6.51806523795512
 -6.54158639969787
 -6.562055926098265
 -6.582820088797897
 -6.611478669723124
 -6.640828045781415
 -6.66857764619512
 -6.701166705612179
 -6.701151401700328
 -6.709662182344044
 -6.721624113535654
 -6.736156711315954
 -6.787930856996355
 -6.82295364275853
 -6.880075137236839
 -6.935433876282851
 -6.97484041633751
 -7.015133898339392
 -7.030512324486189
 -7.074103707241324
 -7.159076503491944
 -7.186607038566891
 -7.264009939146352
 -7.344809183167673
 -7.383915311172067
 -7.428220400070061
 -7.504618025764291
 -7.578731891323108
 -7.624108788593991
 -7.730031589448558
 -7.843763340587545
 -7.910733657470449
 -8.032696787908396
 -8.123847421964928
 -8.195341571141254
 -8.298254232799447
 -8.428536251057754
 -8.528739694759176
 -8.653061635912316
 -8.789663878770263
 -8.906699776188454
 -9.051975893875387
 -9.205049271707779
 -9.336670029647888
 -9.489503932097223
 -9.651492360534156
 -9.808153867947739
 -9.979280124636228
 -10.14188620443579
 -10.30574300804328
 -10.47022887009205
 -10.62400209927349
 -10.79002314618076
 -10.96949199256091
 -11.10575860857758
 -11.23736395584139
 -11.38806570625664
 -11.49983120520318
 -11.60890520865665
 -11.7011542961816
 -11.78731958108915
 -11.84300865496841
 -11.86798794974506
 -11.84901685850493
 -11.82655375070091
 -11.80256041785292
 -11.72924092145919
 -11.64484246453119
 -11.54016241321064
 -11.42498234649217
 -11.27929000180368
 -11.12723961335078
 -10.94668178444547
 -10.78738440313983
 -10.60176158599485
 -10.40153580877851
 -10.18794101015921
 -10.01704541768534
 -9.824368835379527
 -9.66394812125175
 -9.494826150304625
 -9.287571805223575
 -9.092436294124516
 -8.860273659506126
 -8.702138127833212
 -8.517025703448205
 -8.351865929252725
 -8.18198090576446
 -8.02859542368885
 -7.893985931594528
 -7.755579533598478
 -7.600935595602289
 -7.466058497995189
 -7.324467652570396
 -7.182375094869153
 -7.03802824319948
 -6.921685528698011
 -6.803509707619484
 -6.65263977709105
 -6.556571902651527
 -6.428104943856001
 -6.36387495151879
 -6.27479090408102
 -6.110998531656774
 -6.042270478389763
 -5.940843855374339
 -5.84201420409345
 -5.770243807084836
 -5.698780153538222
 -5.587575459429371
 -5.495629276285605
 -5.463255201681998
 -5.433159522251297
 -5.374400591908424
 -5.302512373203322
 -5.234329493265248
 -5.212657990769449
 -5.164214267499059
 -5.078926030018172
 -5.009851980003251
 -4.969362193574719
 -4.927912320106111
 -4.895505515691855
 -4.86744549729376
 -4.842150898155921
 -4.829396384408663
 -4.773522916112015
 -4.694551299161428
 -4.59157336882939
 -4.488709102214892
 -4.540607640865987
 -4.595058361703099
 -4.483596729877219
 -4.413557502143845
 -4.401272264536823
 -4.400099777382307
 -4.363815473823039
 -4.298146114239167
 -4.308788150894191
 -4.29156495628703
 -4.263074873000698
 -4.232652349093986
 -4.188227521393668
 -4.15002337874807
 -4.129519835802242
 -4.136225227240987
 -4.082844795409178
 -4.016004180132167
 -3.994754140376852
 -4.022512617502335
 -4.000402569603962
 -3.975479640774678
 -3.960799058979536
 -3.929050506251283
 -3.92205339973172
 -3.906249834001846
 -3.892912794960765
 -3.882445888431036
 -3.876835848731389
 -3.859117852905999
 -3.845190862448973
 -3.795543160765559
 -3.777356614403429
 -3.74986457620372
 -3.702016207057825
 -3.733044688177232
 -3.752995463097036
 -3.754218673795671
 -3.695640882051752
 -3.649620291121283
 -3.688405726354062
 -3.704485213860519
 -3.661193152697124
 -3.704852704292619
 -3.760972342149427
 -3.832812379002566
 -3.884574207716049
 -3.831155129036035
 -3.838856212007272
 -3.850054831216934
 -3.843291633658526
 -3.800162842256489
 -3.731248610604428
 -3.703170027392646
 -3.654452126473711
 -3.648375481934639
 -3.639377648818334
 -3.634744557128797
 -3.671445686815605
 -3.676263177522322
 -3.70120176272223
 -3.700055793135634
 -3.699966625261042
 -3.700797810125136
 -3.719973790625787
 -3.726848608885319
 -3.712970421207602
 -3.738000465733713
 -3.752393229110678
 -3.762052912282742
 -3.745345617229225
 -3.777212415688247
 -3.783339748671051
 -3.803034290623201
 -3.835854178147435
 -3.825357558686035
 -3.833315541344966
 -3.871969758249918
 -3.868181706513802
 -3.879299596078809
 -3.93948898817378
 -4.017382350211544
 -4.077603351540286
 -4.053966867791403
 -4.025832654297495
 -3.959486059952381
 -3.906569829663337
 -3.928833076622417
 -3.905887246900713
 -3.928879711936056
 -3.950642660506109
 -3.939203562585416
 -3.966563552554193
 -3.974360221058473
 -3.954221807371381
 -3.972977011987842
 -4.036592542521065
 -4.103856118477988
 -4.179423084534484
 -4.238276148947616
 -4.309851949669699
 -4.394251950857413
 -4.533407641787162
 -4.614590386281275
 -4.709181576397443
 -4.732538575714428
 -4.694515753509209
 -4.597784121663923
 -4.560048620820314
 -4.52494850315537
 -4.547635610670591
 -4.590827266258651
 -4.639133106322761
 -4.721288951491855
 -4.811571147966751
 -4.880629139833442
 -4.922499947394448
 -4.994349673078913
 -5.043393796406276
 -5.009985180149928
 -5.056596442563031
 -5.145200762476112
 -5.218412084659874
 -5.280298400307654
 -5.343768914328666
 -5.412307299818362
 -5.509078286371536
 -5.599894602642155
 -5.633016468599802
 -5.695288984433119
 -5.741144418799
 -5.776618337670124
 -5.875160839554955
 -5.86610293740587
 -5.992647063707435
 -6.092995288428858
 -6.195759964521605
 -6.279137547043867
 -6.410665103006176
 -6.52122153607751
 -6.622811881984248
 -6.740614034432869
 -6.891315503615399
 -7.003639634080284
 -7.087821103964616
 -7.127530775533967
 -7.227838711908877
 -7.29301433068464
 -7.360386590531373
 -7.53859134707318
 -7.790680407969378
 -7.960024830156513
 -8.095699737484839
 -8.191114360538952
 -8.301602898168417
# name: SN1rad
# type: matrix
# rows: 401
# columns: 1
 0.001874493666008058
 -0.02101129003707559
 -0.05220629820349484
 -0.08617495459299207
 -0.117811153139545
 -0.1501800832575494
 -0.1818549158097424
 -0.2138155490195723
 -0.2486597280216345
 -0.2797465052258241
 -0.3123601760726151
 -0.343254081140181
 -0.375697973175078
 -0.4100313796061656
 -0.441168156963776
 -0.4750161336002423
 -0.5062874162902901
 -0.5384842428364915
 -0.5709183857396255
 -0.6038219821862206
 -0.6350812074634031
 -0.6668533362013122
 -0.6994176692418219
 -0.731946117375692
 -0.763972308467335
 -0.7978523025053593
 -0.8274022466491823
 -0.8588609865973835
 -0.8923079217562012
 -0.9235774333079791
 -0.9542499418780466
 -0.9858306027713483
 -1.01774477563336
 -1.048772676127432
 -1.078701564205649
 -1.11276726005684
 -1.144448028227547
 -1.177289150943682
 -1.206573486589559
 -1.239445818911685
 -1.269593656090132
 -1.302859903972966
 -1.336650087998298
 -1.367409565255443
 -1.39967897544924
 -1.432084650769377
 -1.463551547903634
 -1.494794547449431
 -1.528030715748596
 -1.558590050561879
 -1.590244868753084
 -1.621931033712199
 -1.651998046988539
 -1.683743823214564
 -1.716910414938585
 -1.748980504034974
 -1.779760097625656
 -1.812903358937973
 -1.845670948599123
 -1.874592307431532
 -1.905684920464465
 -1.939566254617231
 -1.970355804857351
 -2.001447008055372
 -2.032086512943681
 -2.064534909775939
 -2.09546005602854
 -2.127436310360316
 -2.159760188057348
 -2.193375318367915
 -2.224719906648863
 -2.257914282839192
 -2.287430084176408
 -2.320651482076078
 -2.351592048678377
 -2.382270635933311
 -2.412829864905979
 -2.443588925971425
 -2.474673433887828
 -2.510424354105158
 -2.53955778021768
 -2.572393339499667
 -2.60527531915346
 -2.638174910486546
 -2.669429137796683
 -2.700151944842552
 -2.734195216314547
 -2.769240839815294
 -2.80457320177945
 -2.83099259991445
 -2.86405864700599
 -2.892902487419744
 -2.929269021887541
 -2.962966179930191
 -2.99419276642872
 -3.026946957991055
 -3.057601929528242
 -3.094902646034052
 -3.12491902539763
 3.129710734830463
 3.096607448193925
 3.065687084163063
 3.030846756031755
 2.99762334231457
 2.963660952492396
 2.93376047367165
 2.898525317256404
 2.863007053131653
 2.83260970908897
 2.789134442865836
 2.759543209072549
 2.730651711561287
 2.696991568686803
 2.665090683172062
 2.629935490169205
 2.595925009535933
 2.562373507523374
 2.529545176722388
 2.493813385386031
 2.462620962123161
 2.430007669381287
 2.396563887997062
 2.357277877068009
 2.32551445937483
 2.289885964878364
 2.253316838320881
 2.217978026528499
 2.184729230331671
 2.150747806749041
 2.116785737533072
 2.083955571005102
 2.051547583266067
 2.014903148663201
 1.980282173076981
 1.941484978324444
 1.901058714647514
 1.875216038012157
 1.834564184880922
 1.805081207200492
 1.777478214167602
 1.73336836569017
 1.69621618714259
 1.662794942460373
 1.626422711725441
 1.593370064783584
 1.555325428433827
 1.532199447842718
 1.495005214248759
 1.463510239805311
 1.423462211125271
 1.389026300458562
 1.358399708688505
 1.329864091204658
 1.297131279114842
 1.264254340655159
 1.236073045650794
 1.208249212811459
 1.175813279192592
 1.147141228324183
 1.113005492325595
 1.086482131633171
 1.064312743547861
 1.040656100045207
 1.013292847369574
 0.9940188687338806
 0.9734126189368493
 0.9540319882797501
 0.9370240037956276
 0.9193958403259397
 0.9116187255973971
 0.9066276818314177
 0.8990440048731827
 0.8881621184988258
 0.87804156297603
 0.8774102584790454
 0.8718852151018086
 0.8688512379282367
 0.8698581559692913
 0.8736502857262277
 0.876326554573715
 0.8745201383465337
 0.876823888777358
 0.8766944254675743
 0.8739398596085959
 0.8716543750991756
 0.8681013548470193
 0.8666160612982675
 0.8604361081188088
 0.8509658060151557
 0.8376968494828517
 0.8284905512450754
 0.8137127484755931
 0.7982149567753422
 0.7834668853282497
 0.7675818860251944
 0.7410967542209672
 0.707269344014633
 0.6784812929118829
 0.650518251615083
 0.6325342810934746
 0.6076386007261777
 0.5786283495382514
 0.5485817658249975
 0.520247576245415
 0.4951720255580321
 0.4645708980453833
 0.4316216194516557
 0.3970868675658857
 0.3621172956426943
 0.3276392761679686
 0.2914217575928007
 0.2579344089072555
 0.2224419379601302
 0.1927980744297707
 0.1597691009261553
 0.1243479231254858
 0.08974322676222608
 0.05612851790872971
 0.02153819489780432
 -0.03076957929469297
 -0.06621866675569733
 -0.1028248562991916
 -0.1388298383740358
 -0.1772878002113498
 -0.2145893085262082
 -0.2513526890106114
 -0.287001183713629
 -0.3167502994926029
 -0.3528821038841254
 -0.3934170871258011
 -0.4327836800609985
 -0.4690211603634759
 -0.5053794530233723
 -0.5447009979781299
 -0.5862173239874512
 -0.6275062334242221
 -0.663440466845988
 -0.6948315330486099
 -0.7286448395269128
 -0.7657188833316859
 -0.7975043247517175
 -0.8325498614296053
 -0.8752443950255607
 -0.9299731343096322
 -0.9764525312166626
 -1.006417114236129
 -1.018638028168193
 -1.052305986741703
 -1.110338031137478
 -1.144866277827487
 -1.168624514413524
 -1.208958179099492
 -1.243332397012083
 -1.279710303582861
 -1.321976407978012
 -1.361527686863558
 -1.399443977117629
 -1.431705802289698
 -1.468048593055703
 -1.510741656274595
 -1.542684392411315
 -1.576724487923331
 -1.620408177638818
 -1.658919971752366
 -1.697457446738277
 -1.731849412614322
 -1.763223749905573
 -1.804351353363091
 -1.834174806321799
 -1.868427746811125
 -1.908533171430773
 -1.947580953159732
 -1.987815022440858
 -2.025529679860438
 -2.067542648387755
 -2.102657570823652
 -2.139436439001216
 -2.181273979751372
 -2.218671042678177
 -2.24284278925572
 -2.277461523012849
 -2.318960789524073
 -2.35738723901755
 -2.387416935411543
 -2.424480389426343
 -2.46299139674352
 -2.485780586171529
 -2.513842662270227
 -2.540061924195158
 -2.560695454484742
 -2.598281617669076
 -2.627396612106997
 -2.67715538903322
 -2.752680360017812
 -2.786309704381905
 -2.827316532019565
 -2.878883960924819
 -2.936729545243198
 -2.993450427790653
 -3.027158210958591
 -3.064196269961925
 -3.099680543977091
 -3.132208262469964
 3.123235278632414
 3.104316357489151
 3.079950479290054
 3.049235387202265
 3.012360162536238
 2.970798129886688
 2.935617759587418
 2.898058864246144
 2.86101291393986
 2.828989303201115
 2.79065343183536
 2.751003623461265
 2.71304074416191
 2.675381097659364
 2.641082612900425
 2.605994213099165
 2.568776315512737
 2.527453399646814
 2.491971327935755
 2.460677881600141
 2.4288866001858
 2.401399841752498
 2.38335205646689
 2.372638454058611
 2.336510436997091
 2.267137968955209
 2.169614945391699
 2.095634889756242
 2.03866558531795
 2.020763748469821
 1.998092125096633
 1.964698254997418
 1.935985727881441
 1.898830583987492
 1.855441442085338
 1.82733855040854
 1.803347846245551
 1.781300341225934
 1.772696611916702
 1.765409508564682
 1.747516461292138
 1.713476755508846
 1.666527831133238
 1.630005822017426
 1.611051428844723
 1.581889546678413
 1.532663251839243
 1.479697421842004
 1.419124299283023
 1.351933344146531
 1.276073126143409
 1.220866601787019
 1.198895548862674
 1.18079132766245
 1.153434617905138
 1.124860532019462
 1.09837112214839
 1.064786956218355
 1.022870949613515
 0.9822545493551208
 0.9401452370827131
 0.8986759656297039
 0.8624523717609202
 0.8265422438556029
 0.7889041752542534
 0.7494340067886616
 0.7173028591001082
 0.6792387708801725
 0.6398376570419281
 0.6041256239882173
 0.5626067315144693
 0.5217529477124857
 0.4896218921255728
 0.4617993327585484
 0.4271175447176846
 0.3950449869335423
 0.3527313134366315
 0.3186892133850373
 0.2965446839878106
 0.2576354318709336
 0.2183875788802409
 0.1774270474266773
 0.1386520050467469
 0.1011472113560561
 0.06609986663283066
 0.03209603603497291
 -0.004468784923304674
 -0.04516992729913708
 -0.08960899514970466
 -0.1247430173140199
 -0.1571873150242428
 -0.1914737741249332
 -0.2180724513733873
 -0.2351208493139635
 -0.2556410217429712
 -0.2804475712784418
 -0.3095954357954344
 -0.3456614827997034
# name: S11
# type: complex matrix
# rows: 401
# columns: 1
 (-0.499176,-0.00196858)
 (-0.497501,0.0223693)
 (-0.495336,0.0393132)
 (-0.493636,0.056889)
 (-0.490886,0.07189130000000001)
 (-0.487472,0.0891628)
 (-0.484492,0.105648)
 (-0.480365,0.121355)
 (-0.47567,0.137123)
 (-0.469797,0.152786)
 (-0.464857,0.168762)
 (-0.458719,0.183622)
 (-0.452084,0.198259)
 (-0.444966,0.213828)
 (-0.436497,0.228347)
 (-0.429219,0.242397)
 (-0.420163,0.256695)
 (-0.410278,0.270248)
 (-0.401456,0.283858)
 (-0.391106,0.296217)
 (-0.381067,0.309614)
 (-0.370344,0.321885)
 (-0.358038,0.333979)
 (-0.346539,0.344836)
 (-0.334713,0.356116)
 (-0.321942,0.367075)
 (-0.309131,0.376707)
 (-0.296242,0.386568)
 (-0.283282,0.395499)
 (-0.269505,0.404407)
 (-0.255944,0.412821)
 (-0.241904,0.420774)
 (-0.22737,0.42775)
 (-0.212803,0.434706)
 (-0.198389,0.440567)
 (-0.1821,0.44675)
 (-0.166981,0.452402)
 (-0.151513,0.456753)
 (-0.136869,0.460769)
 (-0.120414,0.463863)
 (-0.104959,0.466625)
 (-0.0888839,0.469696)
 (-0.0726873,0.471351)
 (-0.0564267,0.473128)
 (-0.0410292,0.473401)
 (-0.0245155,0.473033)
 (-0.008291979999999999,0.472565)
 (0.00785663,0.472262)
 (0.0240323,0.471)
 (0.0399821,0.468151)
 (0.0558102,0.465891)
 (0.0702527,0.46176)
 (0.0853004,0.458964)
 (0.100192,0.454734)
 (0.115534,0.450218)
 (0.131116,0.445242)
 (0.144893,0.43926)
 (0.159054,0.433128)
 (0.17239,0.425826)
 (0.18668,0.419695)
 (0.199311,0.41228)
 (0.21284,0.403743)
 (0.225445,0.395311)
 (0.238529,0.386094)
 (0.249966,0.376372)
 (0.261522,0.365454)
 (0.274073,0.355155)
 (0.28434,0.34402)
 (0.2958,0.331895)
 (0.305986,0.320868)
 (0.315512,0.308555)
 (0.324332,0.295891)
 (0.332835,0.283256)
 (0.341233,0.270061)
 (0.348502,0.25775)
 (0.355861,0.244586)
 (0.362593,0.230654)
 (0.368615,0.217992)
 (0.374063,0.20473)
 (0.379531,0.19023)
 (0.384347,0.17638)
 (0.388494,0.162448)
 (0.39137,0.147828)
 (0.393666,0.133557)
 (0.395269,0.119294)
 (0.396736,0.105018)
 (0.397906,0.09030630000000001)
 (0.398222,0.07485609999999999)
 (0.398011,0.0596625)
 (0.396398,0.0452797)
 (0.393925,0.0307214)
 (0.392369,0.0176246)
 (0.389704,0.00289903)
 (0.386145,-0.0121667)
 (0.381524,-0.0253163)
 (0.378058,-0.0380186)
 (0.373003,-0.0512074)
 (0.367998,-0.06373819999999999)
 (0.362831,-0.075905)
 (0.356744,-0.0880277)
 (0.349572,-0.101903)
 (0.342715,-0.112627)
 (0.335011,-0.123454)
 (0.326672,-0.13516)
 (0.317778,-0.145247)
 (0.308632,-0.155235)
 (0.299693,-0.165008)
 (0.289135,-0.174528)
 (0.279127,-0.183118)
 (0.268578,-0.19058)
 (0.258424,-0.197418)
 (0.247016,-0.204832)
 (0.236158,-0.211507)
 (0.224798,-0.215997)
 (0.212814,-0.221733)
 (0.200889,-0.225521)
 (0.189428,-0.229378)
 (0.177037,-0.233)
 (0.164939,-0.236366)
 (0.152495,-0.238154)
 (0.141502,-0.23944)
 (0.130142,-0.23992)
 (0.117574,-0.239896)
 (0.107143,-0.239249)
 (0.09517050000000001,-0.237752)
 (0.0844882,-0.236694)
 (0.073077,-0.235128)
 (0.0620656,-0.232334)
 (0.0517063,-0.229127)
 (0.0423256,-0.224769)
 (0.03299,-0.22094)
 (0.0241468,-0.216453)
 (0.0152393,-0.211056)
 (0.0074124,-0.205118)
 (-0.000594475,-0.198717)
 (-0.00880857,-0.193141)
 (-0.0150854,-0.186745)
 (-0.0214992,-0.180356)
 (-0.0269059,-0.172624)
 (-0.0319874,-0.166123)
 (-0.0368307,-0.158531)
 (-0.0403179,-0.150614)
 (-0.0442057,-0.143171)
 (-0.0462146,-0.135331)
 (-0.0491041,-0.129043)
 (-0.0513333,-0.120987)
 (-0.0507636,-0.113797)
 (-0.050785,-0.105877)
 (-0.0501698,-0.100182)
 (-0.0498379,-0.0927931)
 (-0.0487157,-0.08608970000000001)
 (-0.0475273,-0.0802089)
 (-0.0449871,-0.07515869999999999)
 (-0.0430754,-0.06875680000000001)
 (-0.0395417,-0.0645907)
 (-0.0363917,-0.0601838)
 (-0.032545,-0.0566273)
 (-0.0287374,-0.0526847)
 (-0.0247925,-0.0501143)
 (-0.0208171,-0.0476936)
 (-0.0158827,-0.0465957)
 (-0.0119254,-0.0458476)
 (-0.00717066,-0.0454148)
 (-0.00246207,-0.0454105)
 (0.001229,-0.0461507)
 (0.00480128,-0.0474553)
 (0.009005279999999999,-0.0497578)
 (0.0124888,-0.0527564)
 (0.0151835,-0.0555981)
 (0.0186476,-0.0588405)
 (0.0207961,-0.062873)
 (0.02232,-0.0668405)
 (0.0235449,-0.0718958)
 (0.0243806,-0.0768566)
 (0.0239452,-0.0813728)
 (0.0233248,-0.08669449999999999)
 (0.0219714,-0.09210599999999999)
 (0.0200428,-0.0968117)
 (0.0172203,-0.102103)
 (0.014129,-0.106361)
 (0.0100749,-0.11214)
 (0.00576996,-0.116221)
 (0.000918078,-0.120512)
 (-0.00523828,-0.124198)
 (-0.0112441,-0.127333)
 (-0.0174651,-0.129942)
 (-0.024882,-0.132527)
 (-0.0320423,-0.134074)
 (-0.0391719,-0.135052)
 (-0.0463996,-0.135674)
 (-0.0545002,-0.135195)
 (-0.0626213,-0.134686)
 (-0.0705929,-0.133497)
 (-0.0786804,-0.131512)
 (-0.0866253,-0.12986)
 (-0.093751,-0.126522)
 (-0.100847,-0.122476)
 (-0.108635,-0.117531)
 (-0.11608,-0.112658)
 (-0.122371,-0.107848)
 (-0.128585,-0.101062)
 (-0.134862,-0.0943297)
 (-0.140017,-0.0879542)
 (-0.14544,-0.0812085)
 (-0.150543,-0.07300810000000001)
 (-0.153778,-0.0649154)
 (-0.157108,-0.0569122)
 (-0.160794,-0.0482141)
 (-0.16377,-0.0390066)
 (-0.166067,-0.0303127)
 (-0.16777,-0.0222883)
 (-0.169465,-0.0130865)
 (-0.170001,-0.00424895)
 (-0.169297,0.00520569)
 (-0.168297,0.0139834)
 (-0.167481,0.0230637)
 (-0.166599,0.0322735)
 (-0.164078,0.0412792)
 (-0.161917,0.0494629)
 (-0.158629,0.0575347)
 (-0.155183,0.0662146)
 (-0.150746,0.074069)
 (-0.145743,0.0820292)
 (-0.141376,0.0906168)
 (-0.135944,0.09764589999999999)
 (-0.12994,0.103868)
 (-0.124391,0.111259)
 (-0.117947,0.117551)
 (-0.110946,0.123082)
 (-0.102907,0.128526)
 (-0.0958083,0.134427)
 (-0.0887521,0.13944)
 (-0.08179599999999999,0.142758)
 (-0.0729083,0.146663)
 (-0.0644632,0.149704)
 (-0.0566382,0.152022)
 (-0.0483218,0.155169)
 (-0.0390346,0.158088)
 (-0.0302219,0.159749)
 (-0.0214905,0.16086)
 (-0.0132952,0.160849)
 (-0.00450874,0.16099)
 (0.00360252,0.160311)
 (0.0124403,0.159178)
 (0.0222772,0.157731)
 (0.0306507,0.155899)
 (0.0383173,0.154371)
 (0.0480989,0.150972)
 (0.0559815,0.14748)
 (0.0645443,0.143849)
 (0.0725691,0.139012)
 (0.0789644,0.134884)
 (0.08591070000000001,0.130222)
 (0.0924212,0.124871)
 (0.09946969999999999,0.11899)
 (0.105775,0.112821)
 (0.11209,0.107738)
 (0.116934,0.100212)
 (0.122183,0.0936159)
 (0.126383,0.0866463)
 (0.130769,0.0797133)
 (0.134964,0.0716995)
 (0.139255,0.06269479999999999)
 (0.142196,0.0548268)
 (0.144679,0.0467779)
 (0.145358,0.0395736)
 (0.147725,0.031621)
 (0.148124,0.0224987)
 (0.149814,0.0139726)
 (0.150677,0.00484659)
 (0.14974,-0.00281726)
 (0.149455,-0.0119816)
 (0.14766,-0.0195894)
 (0.145646,-0.0287678)
 (0.143533,-0.035667)
 (0.14189,-0.0442406)
 (0.137808,-0.053432)
 (0.133592,-0.0614352)
 (0.130202,-0.0688021)
 (0.126069,-0.074666)
 (0.121611,-0.08048370000000001)
 (0.117711,-0.0865795)
 (0.11151,-0.09341339999999999)
 (0.105494,-0.0994925)
 (0.0997252,-0.105187)
 (0.0937803,-0.109745)
 (0.0879678,-0.114679)
 (0.0800231,-0.119138)
 (0.07301100000000001,-0.124586)
 (0.06353,-0.128847)
 (0.0528445,-0.134092)
 (0.0460661,-0.137293)
 (0.0399828,-0.137792)
 (0.03124,-0.140802)
 (0.0223101,-0.142371)
 (0.0138547,-0.142782)
 (0.00716132,-0.142522)
 (3.91994e-06,-0.142861)
 (-0.00757172,-0.141633)
 (-0.0148965,-0.140277)
 (-0.0232653,-0.137765)
 (-0.0303935,-0.135864)
 (-0.0378464,-0.133029)
 (-0.0458359,-0.130283)
 (-0.0521751,-0.126082)
 (-0.057786,-0.123094)
 (-0.06495330000000001,-0.119197)
 (-0.0713922,-0.113943)
 (-0.0786583,-0.109175)
 (-0.08384460000000001,-0.103541)
 (-0.0899763,-0.0976311)
 (-0.0956409,-0.0918945)
 (-0.100924,-0.08616169999999999)
 (-0.106638,-0.0795891)
 (-0.111411,-0.0725425)
 (-0.115425,-0.0651823)
 (-0.119091,-0.0581941)
 (-0.121719,-0.0500029)
 (-0.124689,-0.0420624)
 (-0.12654,-0.0335226)
 (-0.128454,-0.0242297)
 (-0.129474,-0.0158853)
 (-0.130353,-0.00781978)
 (-0.129969,-0.000786397)
 (-0.128719,0.00643227)
 (-0.128002,0.0148593)
 (-0.125996,0.0246261)
 (-0.123255,0.0342301)
 (-0.120001,0.0415817)
 (-0.117178,0.0480423)
 (-0.114743,0.0565436)
 (-0.109232,0.06472120000000001)
 (-0.105799,0.07120600000000001)
 (-0.0997547,0.0769625)
 (-0.0945027,0.0852509)
 (-0.088213,0.0914885)
 (-0.0806719,0.09740749999999999)
 (-0.07385220000000001,0.103199)
 (-0.06633509999999999,0.109222)
 (-0.0596541,0.113349)
 (-0.0534803,0.11752)
 (-0.047086,0.120344)
 (-0.041824,0.122575)
 (-0.034022,0.12489)
 (-0.0252407,0.128023)
 (-0.0152107,0.129631)
 (-0.00557333,0.130076)
 (0.00561651,0.13132)
 (0.015221,0.130461)
 (0.0263074,0.130586)
 (0.0351056,0.128158)
 (0.0438124,0.126412)
 (0.052899,0.12395)
 (0.06320779999999999,0.120886)
 (0.07340389999999999,0.117538)
 (0.08135050000000001,0.115006)
 (0.08846950000000001,0.111964)
 (0.0970398,0.105779)
 (0.1048,0.0994042)
 (0.111496,0.0928823)
 (0.119945,0.08521289999999999)
 (0.125509,0.0780455)
 (0.132465,0.07064719999999999)
 (0.138346,0.0627759)
 (0.143492,0.0542347)
 (0.150323,0.0463044)
 (0.154612,0.0362259)
 (0.158473,0.0263667)
 (0.161625,0.0170233)
 (0.164441,0.00715011)
 (0.16684,-0.00284316)
 (0.16782,-0.0126299)
 (0.168644,-0.0225191)
 (0.168104,-0.0336889)
 (0.169177,-0.0453429)
 (0.168678,-0.056527)
 (0.1683,-0.0665713)
 (0.166028,-0.077738)
 (0.162309,-0.0886499)
 (0.161048,-0.09918)
 (0.156518,-0.109015)
 (0.15149,-0.119441)
 (0.145452,-0.128949)
 (0.139761,-0.139584)
 (0.132992,-0.14925)
 (0.126275,-0.158817)
 (0.117871,-0.168171)
 (0.109897,-0.175539)
 (0.101053,-0.184063)
 (0.0907072,-0.192536)
 (0.0808401,-0.19838)
 (0.0698627,-0.204061)
 (0.0590243,-0.208688)
 (0.0482772,-0.215708)
 (0.0368207,-0.220004)
 (0.0255296,-0.223288)
 (0.012583,-0.226233)
 (0.00255151,-0.229859)
 (-0.00780099,-0.231968)
 (-0.0203477,-0.233657)
 (-0.0316559,-0.234547)
# name: SN1
# type: complex matrix
# rows: 401
# columns: 1
 (0.498127,0.000933737)
 (0.506377,-0.0106412)
 (0.506172,-0.0264494)
 (0.50439,-0.0435737)
 (0.502477,-0.0594728)
 (0.500902,-0.07579619999999999)
 (0.497937,-0.0915639)
 (0.49473,-0.107423)
 (0.490708,-0.124598)
 (0.486348,-0.139718)
 (0.481501,-0.155492)
 (0.476435,-0.170279)
 (0.470336,-0.185516)
 (0.463758,-0.201581)
 (0.457332,-0.215956)
 (0.449606,-0.231229)
 (0.442163,-0.245177)
 (0.433337,-0.258863)
 (0.424616,-0.272716)
 (0.415243,-0.286419)
 (0.405772,-0.299024)
 (0.395758,-0.311519)
 (0.38534,-0.324184)
 (0.373815,-0.335846)
 (0.36302,-0.347788)
 (0.351217,-0.360076)
 (0.3402,-0.370051)
 (0.327806,-0.379889)
 (0.31413,-0.38966)
 (0.30186,-0.399378)
 (0.28988,-0.409026)
 (0.276297,-0.417185)
 (0.262647,-0.425469)
 (0.249324,-0.433417)
 (0.236091,-0.440401)
 (0.22082,-0.447914)
 (0.206436,-0.454496)
 (0.191218,-0.460588)
 (0.177442,-0.465444)
 (0.161689,-0.469979)
 (0.147573,-0.475039)
 (0.13169,-0.479679)
 (0.115382,-0.483739)
 (0.100448,-0.487048)
 (0.0845878,-0.489492)
 (0.0685683,-0.491148)
 (0.0530681,-0.492933)
 (0.0376398,-0.494295)
 (0.0211768,-0.494881)
 (0.00604519,-0.495228)
 (-0.009611669999999999,-0.494148)
 (-0.0252138,-0.492656)
 (-0.0400353,-0.491951)
 (-0.0555747,-0.489946)
 (-0.0716767,-0.487057)
 (-0.0873736,-0.485155)
 (-0.102054,-0.481252)
 (-0.117829,-0.477135)
 (-0.133511,-0.473421)
 (-0.147016,-0.46895)
 (-0.16133,-0.463597)
 (-0.177356,-0.458938)
 (-0.191204,-0.452796)
 (-0.2049,-0.446008)
 (-0.218104,-0.438791)
 (-0.232046,-0.431152)
 (-0.24537,-0.42395)
 (-0.258619,-0.4156)
 (-0.27151,-0.406418)
 (-0.285002,-0.397044)
 (-0.297479,-0.388144)
 (-0.30961,-0.377342)
 (-0.320486,-0.367897)
 (-0.332868,-0.357413)
 (-0.342795,-0.345965)
 (-0.353337,-0.335374)
 (-0.36316,-0.32419)
 (-0.373061,-0.312954)
 (-0.382786,-0.301349)
 (-0.392223,-0.286678)
 (-0.401321,-0.275759)
 (-0.409945,-0.262299)
 (-0.418236,-0.248614)
 (-0.426416,-0.234848)
 (-0.433135,-0.221198)
 (-0.439722,-0.207787)
 (-0.44622,-0.192562)
 (-0.452637,-0.176787)
 (-0.458262,-0.160569)
 (-0.462084,-0.148324)
 (-0.466716,-0.132961)
 (-0.469389,-0.1192)
 (-0.473478,-0.102069)
 (-0.476551,-0.0860417)
 (-0.478353,-0.0710243)
 (-0.47996,-0.0552677)
 (-0.480058,-0.0404155)
 (-0.481344,-0.0224903)
 (-0.481965,-0.00803685)
 (-0.481833,0.00572537)
 (-0.48154,0.0216768)
 (-0.479349,0.0364553)
 (-0.477382,0.0530853)
 (-0.475428,0.0689239)
 (-0.471595,0.0848086)
 (-0.469092,0.0989208)
 (-0.464697,0.115231)
 (-0.459088,0.13131)
 (-0.454618,0.145117)
 (-0.447761,0.164694)
 (-0.44052,0.176997)
 (-0.435302,0.189683)
 (-0.429591,0.204663)
 (-0.421696,0.217668)
 (-0.413487,0.232188)
 (-0.404185,0.245405)
 (-0.395153,0.258451)
 (-0.385412,0.270548)
 (-0.374617,0.283475)
 (-0.364721,0.294316)
 (-0.353761,0.305044)
 (-0.342205,0.315634)
 (-0.328493,0.327782)
 (-0.316727,0.336783)
 (-0.30453,0.347852)
 (-0.291323,0.358402)
 (-0.278095,0.367964)
 (-0.265265,0.376375)
 (-0.250825,0.382881)
 (-0.236723,0.389603)
 (-0.22234,0.39456)
 (-0.208108,0.399006)
 (-0.192475,0.404523)
 (-0.177532,0.409041)
 (-0.161247,0.414884)
 (-0.143625,0.418954)
 (-0.131459,0.418412)
 (-0.113984,0.422069)
 (-0.100592,0.421473)
 (-0.08809790000000001,0.420162)
 (-0.06917280000000001,0.421735)
 (-0.0531883,0.421856)
 (-0.0387202,0.41969)
 (-0.0232338,0.417245)
 (-0.00938342,0.415608)
 (0.00635326,0.410626)
 (0.0156407,0.405031)
 (0.0304555,0.401065)
 (0.0424693,0.394331)
 (0.0576154,0.388219)
 (0.0703657,0.382841)
 (0.08108949999999999,0.376025)
 (0.0904187,0.367997)
 (0.101239,0.360656)
 (0.111433,0.352058)
 (0.119416,0.343336)
 (0.127196,0.335332)
 (0.135715,0.32554)
 (0.142459,0.315899)
 (0.150854,0.306178)
 (0.156149,0.296801)
 (0.159684,0.287848)
 (0.163473,0.278914)
 (0.167706,0.268985)
 (0.169653,0.260775)
 (0.17172,0.252417)
 (0.173267,0.24437)
 (0.174285,0.237152)
 (0.17506,0.229612)
 (0.173224,0.223576)
 (0.171624,0.219242)
 (0.170676,0.214657)
 (0.170026,0.209127)
 (0.169933,0.204744)
 (0.16794,0.202083)
 (0.167268,0.199027)
 (0.166214,0.196559)
 (0.164955,0.195469)
 (0.163741,0.19553)
 (0.163574,0.196396)
 (0.164353,0.196608)
 (0.164353,0.197531)
 (0.165772,0.199184)
 (0.167944,0.200667)
 (0.170444,0.202711)
 (0.173448,0.204802)
 (0.176691,0.208004)
 (0.181116,0.210562)
 (0.186948,0.213224)
 (0.193273,0.214625)
 (0.199458,0.217434)
 (0.207375,0.219464)
 (0.215998,0.221607)
 (0.223599,0.222737)
 (0.232203,0.224073)
 (0.242493,0.221906)
 (0.254772,0.217777)
 (0.267236,0.215433)
 (0.279361,0.2126)
 (0.290809,0.213164)
 (0.301464,0.209641)
 (0.31404,0.205134)
 (0.326205,0.199362)
 (0.338274,0.193794)
 (0.349138,0.188552)
 (0.360284,0.180558)
 (0.371916,0.171299)
 (0.384392,0.1612)
 (0.395893,0.149973)
 (0.407415,0.138476)
 (0.41896,0.125672)
 (0.43002,0.113444)
 (0.439624,0.09943630000000001)
 (0.448438,0.0875454)
 (0.458988,0.0739625)
 (0.46645,0.0583029)
 (0.475164,0.0427576)
 (0.479868,0.0269626)
 (0.485467,0.0104577)
 (0.494589,-0.0152231)
 (0.497661,-0.0330027)
 (0.501947,-0.0517953)
 (0.505476,-0.0706295)
 (0.506555,-0.0907589)
 (0.506972,-0.110492)
 (0.5090440000000001,-0.130714)
 (0.509426,-0.150357)
 (0.506613,-0.166061)
 (0.50202,-0.184893)
 (0.497469,-0.206477)
 (0.493021,-0.227773)
 (0.488263,-0.24742)
 (0.480143,-0.265667)
 (0.471953,-0.285927)
 (0.464215,-0.308281)
 (0.454696,-0.329792)
 (0.444622,-0.347531)
 (0.435569,-0.363043)
 (0.424628,-0.378972)
 (0.411617,-0.395727)
 (0.399996,-0.4098)
 (0.385958,-0.424186)
 (0.369873,-0.443114)
 (0.348232,-0.466909)
 (0.330052,-0.48834)
 (0.319029,-0.503942)
 (0.310983,-0.5047779999999999)
 (0.291979,-0.511742)
 (0.265188,-0.534632)
 (0.24857,-0.547868)
 (0.235818,-0.554402)
 (0.2133,-0.563536)
 (0.194618,-0.572922)
 (0.17497,-0.58402)
 (0.149953,-0.590168)
 (0.126751,-0.596818)
 (0.104378,-0.603169)
 (0.08516550000000001,-0.608349)
 (0.0633281,-0.614175)
 (0.0372207,-0.619035)
 (0.0174726,-0.621373)
 (-0.00368219,-0.621128)
 (-0.0309931,-0.6241989999999999)
 (-0.0554281,-0.627352)
 (-0.0797524,-0.626281)
 (-0.100917,-0.62118)
 (-0.12066,-0.619283)
 (-0.14644,-0.6155620000000001)
 (-0.165009,-0.611955)
 (-0.18655,-0.608164)
 (-0.210954,-0.600679)
 (-0.234669,-0.593064)
 (-0.258731,-0.584041)
 (-0.280907,-0.574562)
 (-0.304988,-0.56262)
 (-0.325215,-0.552692)
 (-0.345872,-0.541227)
 (-0.370317,-0.529304)
 (-0.390665,-0.516168)
 (-0.404304,-0.508181)
 (-0.42398,-0.496611)
 (-0.442634,-0.476887)
 (-0.459571,-0.458476)
 (-0.473063,-0.444408)
 (-0.492516,-0.42946)
 (-0.511388,-0.412358)
 (-0.518332,-0.398813)
 (-0.528339,-0.383402)
 (-0.540898,-0.371265)
 (-0.545693,-0.358221)
 (-0.5551700000000001,-0.335289)
 (-0.560044,-0.316358)
 (-0.571669,-0.286399)
 (-0.595299,-0.243944)
 (-0.60263,-0.223592)
 (-0.610502,-0.198443)
 (-0.620402,-0.166841)
 (-0.632141,-0.131345)
 (-0.643657,-0.0960565)
 (-0.648622,-0.0745504)
 (-0.654599,-0.050765)
 (-0.656447,-0.0275292)
 (-0.657676,-0.00617207)
 (-0.657945,0.0120795)
 (-0.654826,0.0244208)
 (-0.653674,0.040345)
 (-0.650257,0.0602273)
 (-0.64768,0.08417040000000001)
 (-0.64363,0.11101)
 (-0.639266,0.133567)
 (-0.632402,0.15713)
 (-0.625653,0.180302)
 (-0.62055,0.200562)
 (-0.610645,0.223553)
 (-0.600308,0.247173)
 (-0.589838,0.269479)
 (-0.580389,0.292057)
 (-0.567945,0.310646)
 (-0.556305,0.330146)
 (-0.542404,0.349823)
 (-0.5255,0.370529)
 (-0.512644,0.389408)
 (-0.499751,0.404886)
 (-0.484468,0.418699)
 (-0.472984,0.432044)
 (-0.464515,0.439946)
 (-0.4566,0.441825)
 (-0.436412,0.45394)
 (-0.401106,0.479761)
 (-0.353447,0.517944)
 (-0.315217,0.544412)
 (-0.285883,0.565782)
 (-0.277394,0.5742969999999999)
 (-0.263627,0.578952)
 (-0.244796,0.588985)
 (-0.227184,0.594195)
 (-0.204442,0.6007169999999999)
 (-0.178428,0.609822)
 (-0.160715,0.612662)
 (-0.145841,0.615788)
 (-0.132537,0.62029)
 (-0.126921,0.620067)
 (-0.121506,0.616444)
 (-0.109605,0.613748)
 (-0.0878858,0.611777)
 (-0.0586783,0.611073)
 (-0.0360284,0.607779)
 (-0.0242656,0.60247)
 (-0.00658231,0.5933389999999999)
 (0.0224113,0.587428)
 (0.0528997,0.579077)
 (0.0876218,0.573269)
 (0.126466,0.568576)
 (0.171088,0.563598)
 (0.202805,0.555708)
 (0.215835,0.55335)
 (0.225228,0.547919)
 (0.23894,0.538867)
 (0.252828,0.528871)
 (0.264236,0.517075)
 (0.278539,0.502659)
 (0.296987,0.486661)
 (0.314981,0.47192)
 (0.331812,0.454467)
 (0.348395,0.437841)
 (0.365426,0.426574)
 (0.378469,0.410968)
 (0.38967,0.392412)
 (0.401453,0.373568)
 (0.410313,0.357919)
 (0.420552,0.339555)
 (0.430193,0.320189)
 (0.436461,0.30125)
 (0.443923,0.279932)
 (0.453254,0.260572)
 (0.458095,0.24412)
 (0.462262,0.230064)
 (0.468046,0.213025)
 (0.469282,0.195674)
 (0.477637,0.175831)
 (0.476354,0.157166)
 (0.474207,0.144896)
 (0.473845,0.124854)
 (0.473809,0.105151)
 (0.470538,0.0843734)
 (0.467467,0.06523379999999999)
 (0.464124,0.0471056)
 (0.459219,0.0303986)
 (0.452075,0.0145148)
 (0.446492,-0.00199529)
 (0.441739,-0.0199669)
 (0.438407,-0.0393907)
 (0.431738,-0.0541374)
 (0.426542,-0.0676047)
 (0.420698,-0.0815517)
 (0.409884,-0.0908288)
 (0.396597,-0.0950054)
 (0.386946,-0.101132)
 (0.378362,-0.108983)
 (0.370928,-0.118653)
 (0.361777,-0.130283)
