  9.00000000000E+03 -0.500961       -0.00183818     0.49866         0.00148098     0.499116        0.00224976    -0.496188        0.0035179    
  1.00089775000E+07 -0.495652        0.0218921      0.505639       -0.0147264      0.496384       -0.0236905     -0.503386        0.00968966   
  2.00089550000E+07 -0.49398         0.0394304      0.504483       -0.0339321      0.494765       -0.0435244     -0.50319         0.0235435    
  3.00089325000E+07 -0.491146        0.0565778      0.501921       -0.0544512      0.49185        -0.0636881     -0.502093        0.0373668    
  4.00089100000E+07 -0.488629        0.0725649      0.4995         -0.0741361      0.488799       -0.0826384     -0.501208        0.0524523    
  5.00088875000E+07 -0.485586        0.0887174      0.496574       -0.0929129      0.484484       -0.10205       -0.499576        0.0661367    
  6.00088650000E+07 -0.48204         0.105952       0.492261       -0.112595       0.479948       -0.120583      -0.497484        0.0809537    
  7.00088425000E+07 -0.477952        0.121406       0.487068       -0.131863       0.475039       -0.139353      -0.49435         0.0953026    
  8.00088200000E+07 -0.473508        0.137339       0.48176        -0.151707       0.468884       -0.157483      -0.491933        0.109187     
  9.00087975000E+07 -0.467985        0.15331        0.475185       -0.170497       0.461671       -0.175672      -0.488463        0.122734     
  1.00008775000E+08 -0.46268         0.168743       0.468378       -0.18824        0.454593       -0.193419      -0.484879        0.136855     
  1.10008752500E+08 -0.456195        0.18448        0.460741       -0.20619        0.446821       -0.210438      -0.481684        0.15008      
  1.20008730000E+08 -0.45013         0.199391       0.45205        -0.224778       0.43806        -0.228276      -0.477118        0.164309     
  1.30008707500E+08 -0.442544        0.214035       0.442474       -0.242095       0.428353       -0.245097      -0.472762        0.17782      
  1.40008685000E+08 -0.434405        0.229017       0.432864       -0.259649       0.41927        -0.261319      -0.467689        0.191306     
  1.50008662500E+08 -0.425748        0.243479       0.422095       -0.27611        0.408286       -0.277399      -0.461497        0.204058     
  1.60008640000E+08 -0.4176          0.25772        0.410759       -0.293054       0.397557       -0.292979      -0.456101        0.218104     
  1.70008617500E+08 -0.408191        0.271152       0.398956       -0.308598       0.385092       -0.307684      -0.44941         0.230668     
  1.80008595000E+08 -0.398623        0.284829       0.386304       -0.323294       0.372811       -0.322571      -0.44297         0.243893     
  1.90008572500E+08 -0.387958        0.298027       0.37303        -0.339018       0.359534       -0.337353      -0.436036        0.257063     
  2.00008550000E+08 -0.377775        0.309867       0.35915        -0.352652       0.346693       -0.351141      -0.429124        0.269432     
  2.10008527500E+08 -0.367461        0.322419       0.345933       -0.366809       0.332966       -0.364107      -0.421847        0.28191      
  2.20008505000E+08 -0.355139        0.334776       0.330646       -0.379787       0.317735       -0.376628      -0.413936        0.293615     
  2.30008482500E+08 -0.343337        0.345734       0.315483       -0.39226        0.303423       -0.388533      -0.40544         0.306419     
  2.40008460000E+08 -0.330994        0.35688        0.30002        -0.403955       0.287461       -0.400329      -0.397314        0.318266     
  2.50008437500E+08 -0.319027        0.367336       0.284015       -0.415614       0.271991       -0.410522      -0.387654        0.32932      
  2.60008415000E+08 -0.306418        0.377363       0.267866       -0.426376       0.255736       -0.419912      -0.378671        0.340686     
  2.70008392500E+08 -0.293398        0.387413       0.250654       -0.435909       0.239361       -0.429946      -0.369815        0.352042     
  2.80008370000E+08 -0.279766        0.396228       0.233093       -0.445433       0.221939       -0.43962       -0.360463        0.362454     
  2.90008347500E+08 -0.265942        0.404936       0.215774       -0.454053       0.205223       -0.447608      -0.350568        0.372783     
  3.00008325000E+08 -0.252411        0.413743       0.198608       -0.463112       0.186989       -0.454489      -0.340495        0.382935     
  3.10008302500E+08 -0.237829        0.420411       0.180041       -0.469136       0.169024       -0.462365      -0.329405        0.393653     
  3.20008280000E+08 -0.223031        0.428582       0.161934       -0.475524       0.151588       -0.468354      -0.31975         0.403418     
  3.30008257500E+08 -0.20888         0.435799       0.14384        -0.481995       0.133756       -0.474412      -0.308678        0.412318     
  3.40008235000E+08 -0.193953        0.441266       0.125482       -0.487181       0.114905       -0.479604      -0.297255        0.422435     
  3.50008212500E+08 -0.178404        0.447044       0.106323       -0.491047       0.0960144      -0.483791      -0.285848        0.431203     
  3.60008190000E+08 -0.162803        0.452457       0.0863927      -0.495612       0.0773309      -0.486634      -0.27344         0.439072     
  3.70008167500E+08 -0.147538        0.457015       0.0668852      -0.498131       0.0576059      -0.489173      -0.261439        0.44757      
  3.80008145000E+08 -0.1321          0.460722       0.048903       -0.500144       0.0391416      -0.490988      -0.249184        0.455553     
  3.90008122500E+08 -0.115987        0.464184       0.0287788      -0.50159        0.0194767      -0.492437      -0.23517         0.46298      
  4.00008100000E+08 -0.100526        0.467213       0.00977415     -0.502123      -9.74978E-05    -0.492439      -0.22331         0.469149     
  4.10008077500E+08 -0.0843302       0.47037       -0.010662       -0.502909      -0.0191771      -0.492458      -0.209596        0.47808      
  4.20008055000E+08 -0.067942        0.472394      -0.0308813      -0.50298       -0.0383456      -0.491574      -0.195598        0.485302     
  4.30008032500E+08 -0.0520919       0.472684      -0.0504507      -0.500827      -0.0579079      -0.490361      -0.181292        0.491885     
  4.40008010000E+08 -0.0360705       0.473866      -0.0700507      -0.498195      -0.0766393      -0.487233      -0.166754        0.497791     
  4.50007987500E+08 -0.0204729       0.473154      -0.0892241      -0.4952        -0.0956677      -0.483886      -0.152467        0.502836     
  4.60007965000E+08 -0.00442836      0.472832      -0.108467       -0.491165      -0.115008       -0.479226      -0.137873        0.508986     
  4.70007942500E+08  0.0126364       0.472385      -0.127247       -0.487289      -0.133018       -0.474916      -0.123877        0.51363      
  4.80007920000E+08  0.0282173       0.470159      -0.146501       -0.48183       -0.151964       -0.469653      -0.109247        0.518322     
  4.90007897500E+08  0.0441712       0.467357      -0.164985       -0.475703      -0.170461       -0.462554      -0.093686        0.521941     
  5.00007875000E+08  0.058737        0.464867      -0.18297        -0.468238      -0.188185       -0.455427      -0.0790059       0.524615     
  5.10007852500E+08  0.0734564       0.462181      -0.201          -0.461204      -0.205217       -0.448347      -0.0642156       0.528404     
  5.20007830000E+08  0.0887491       0.459526      -0.218398       -0.453769      -0.221983       -0.44091       -0.0499678       0.5316       
  5.30007807500E+08  0.103738        0.45515       -0.236627       -0.44441       -0.238661       -0.431625      -0.0342652       0.534118     
  5.40007785000E+08  0.119006        0.450719      -0.254029       -0.434933      -0.256618       -0.422794      -0.0178475       0.536186     
  5.50007762500E+08  0.134598        0.445747      -0.271858       -0.425552      -0.273542       -0.411661      -0.00188417      0.537792     
  5.60007740000E+08  0.148864        0.4396        -0.287474       -0.414895      -0.289082       -0.402374       0.0135638       0.539269     
  5.70007717500E+08  0.163123        0.433084      -0.304234       -0.402707      -0.304782       -0.390096       0.0300773       0.540337     
  5.80007695000E+08  0.176521        0.426731      -0.320228       -0.390722      -0.319606       -0.378161       0.0464161       0.540129     
  5.90007672500E+08  0.190691        0.419726      -0.335062       -0.379386      -0.334601       -0.365703       0.0616505       0.540395     
  6.00007650000E+08  0.203213        0.412312      -0.349069       -0.365781      -0.348424       -0.352813       0.0783087       0.540293     
  6.10007627500E+08  0.217272        0.404122      -0.365044       -0.351951      -0.362609       -0.338927       0.095085        0.539807     
  6.20007605000E+08  0.2303          0.39563       -0.377818       -0.337395      -0.376293       -0.323855       0.112129        0.536869     
  6.30007582500E+08  0.243237        0.38543       -0.39148        -0.322102      -0.389385       -0.309917       0.128457        0.535615     
  6.40007560000E+08  0.254381        0.37591       -0.4037         -0.307264      -0.401655       -0.294299       0.144757        0.532006     
  6.50007537500E+08  0.265738        0.366071      -0.415314       -0.291396      -0.413146       -0.278318       0.160601        0.528596     
  6.60007515000E+08  0.278083        0.354908      -0.426581       -0.275333      -0.423278       -0.262504       0.17624         0.525327     
  6.70007492500E+08  0.28898         0.343608      -0.438561       -0.257993      -0.434557       -0.24514        0.19368         0.521796     
  6.80007470000E+08  0.299454        0.332032      -0.44805        -0.240962      -0.443965       -0.227297       0.209153        0.516362     
  6.90007447500E+08  0.309314        0.32066       -0.458337       -0.222457      -0.452462       -0.20973        0.226595        0.511001     
  7.00007425000E+08  0.319097        0.308291      -0.467038       -0.203955      -0.460844       -0.192099       0.242205        0.505351     
  7.10007402500E+08  0.328217        0.29614       -0.474445       -0.184726      -0.469012       -0.173873       0.259319        0.499081     
  7.20007380000E+08  0.336832        0.283334      -0.481443       -0.167526      -0.474678       -0.155267       0.272906        0.492021     
  7.30007357500E+08  0.34522         0.270588      -0.488833       -0.147606      -0.481237       -0.135828       0.289652        0.484084     
  7.40007335000E+08  0.352925        0.25789       -0.494025       -0.128929      -0.486067       -0.11753        0.305087        0.477113     
  7.50007312500E+08  0.360577        0.245131      -0.499255       -0.109591      -0.490081       -0.0978696      0.319506        0.468235     
  7.60007290000E+08  0.367142        0.231345      -0.503387       -0.0901771     -0.495154       -0.0782967      0.335305        0.459984     
  7.70007267500E+08  0.373659        0.218203      -0.507721       -0.0713584     -0.497553       -0.0606711      0.349557        0.451394     
  7.80007245000E+08  0.379425        0.204605      -0.510662       -0.0509346     -0.500115       -0.0404025      0.364994        0.441242     
  7.90007222500E+08  0.384646        0.190438      -0.513265       -0.0289636     -0.502316       -0.0199676      0.3814          0.429443     
  8.00007200000E+08  0.389835        0.175698      -0.515079       -0.0095572     -0.50295        -0.00029132     0.39382         0.420123     
  8.10007177500E+08  0.392801        0.161191      -0.515072        0.0113537     -0.503882        0.0196667      0.408825        0.408595     
  8.20007155000E+08  0.396246        0.147861      -0.514231        0.0322108     -0.503665        0.0397975      0.423603        0.396574     
  8.30007132500E+08  0.398744        0.132904      -0.514046        0.0534636     -0.501791        0.05964        0.436999        0.383825     
  8.40007110000E+08  0.401014        0.11848       -0.511831        0.0734217     -0.50025         0.0796931      0.449941        0.370614     
  8.50007087500E+08  0.402704        0.104166      -0.509593        0.0940283     -0.496958        0.0994673      0.462338        0.357645     
  8.60007065000E+08  0.40318         0.0888736     -0.505748        0.114857      -0.492777        0.119765       0.47502         0.343982     
  8.70007042500E+08  0.403183        0.0740349     -0.501094        0.137032      -0.488696        0.140314       0.48865         0.327448     
  8.80007020000E+08  0.402945        0.0588915     -0.494747        0.158963      -0.48241         0.161043       0.50118         0.309782     
  8.90006997500E+08  0.401995        0.0443393     -0.489768        0.176986      -0.475293        0.18053        0.511079        0.297796     
  9.00006975000E+08  0.402057        0.0315476     -0.482834        0.195036      -0.469473        0.198944       0.52206         0.28163      
  9.10006952500E+08  0.398717        0.0171805     -0.475654        0.214944      -0.462124        0.21655        0.531008        0.266549     
  9.20006930000E+08  0.395796        0.00241903    -0.466405        0.235961      -0.452592        0.236308       0.542631        0.247465     
  9.30006907500E+08  0.392302       -0.0122576     -0.456433        0.255298      -0.442823        0.255421       0.551489        0.229744     
  9.40006885000E+08  0.387672       -0.0261589     -0.446389        0.273578      -0.432358        0.273682       0.560008        0.212992     
  9.50006862500E+08  0.384491       -0.038771      -0.435392        0.291527      -0.422482        0.290523       0.568245        0.194681     
  9.60006840000E+08  0.380157       -0.0519569     -0.423504        0.308565      -0.410968        0.307196       0.575917        0.177064     
  9.70006817500E+08  0.375071       -0.0650644     -0.410098        0.328655      -0.398194        0.323215       0.583345        0.154634     
  9.80006795000E+08  0.36966        -0.078007      -0.3983          0.344369      -0.386732        0.339986       0.589561        0.137598     
  9.90006772500E+08  0.363937       -0.0901677     -0.385723        0.359073      -0.372892        0.356205       0.594439        0.119838     
  1.00000675000E+09  0.357609       -0.103209      -0.372351        0.376826      -0.358089        0.373141       0.600827        0.0995526    
  1.01000672750E+09  0.349949       -0.114736      -0.356318        0.391032      -0.343119        0.387396       0.604836        0.0819517    
  1.02000670500E+09  0.342425       -0.125944      -0.339982        0.406566      -0.32747         0.401613       0.609408        0.060177     
  1.03000668250E+09  0.333425       -0.137558      -0.323012        0.421337      -0.309965        0.415419       0.611533        0.0401702    
  1.04000666000E+09  0.324108       -0.147665      -0.305135        0.435046      -0.292412        0.428484       0.613627        0.018518     
  1.05000663750E+09  0.315284       -0.158661      -0.288101        0.447774      -0.275594        0.442378       0.616922       -0.000258559  
  1.06000661500E+09  0.306317       -0.16885       -0.268161        0.460389      -0.256939        0.454553       0.616776       -0.0223493    
  1.07000659250E+09  0.295564       -0.178302      -0.248905        0.471692      -0.237294        0.46613        0.616675       -0.0446177    
  1.08000657000E+09  0.28584        -0.186279      -0.230412        0.482518      -0.217619        0.47658        0.617041       -0.0640086    
  1.09000654750E+09  0.275728       -0.19428       -0.205202        0.494372      -0.19928         0.485198       0.615234       -0.0913365    
  1.10000652500E+09  0.265534       -0.201504      -0.18606         0.501026      -0.179452        0.493513       0.610709       -0.11102      
  1.11000650250E+09  0.254059       -0.209013      -0.167603        0.510063      -0.157723        0.502416       0.610734       -0.130629     
  1.12000648000E+09  0.242198       -0.216026      -0.146546        0.518376      -0.136893        0.509892       0.60881        -0.15191      
  1.13000645750E+09  0.231147       -0.220482      -0.125378        0.524669      -0.115899        0.515845       0.603458       -0.17294      
  1.14000643500E+09  0.218637       -0.226152      -0.101968        0.53051       -0.093441        0.520528       0.597317       -0.195105     
  1.15000641250E+09  0.207665       -0.2306        -0.0793206       0.534795      -0.0715041       0.52371        0.591793       -0.216959     
  1.16000639000E+09  0.195231       -0.235157      -0.0558003       0.539475      -0.0480143       0.527001       0.585221       -0.239297     
  1.17000636750E+09  0.183146       -0.23868       -0.0334227       0.542044      -0.0251162       0.529519       0.577621       -0.260419     
  1.18000634500E+09  0.170544       -0.241693      -0.00936171      0.542459      -0.00176631      0.53168        0.567865       -0.28163      
  1.19000632250E+09  0.158536       -0.244085       0.0130476       0.543428       0.0216994       0.53191        0.559468       -0.301576     
  1.20000630000E+09  0.146652       -0.245481       0.0357842       0.542971       0.0445886       0.531864       0.549509       -0.321402     
  1.21000627750E+09  0.135136       -0.246532       0.0586695       0.54054        0.0669471       0.529325       0.536802       -0.340119     
  1.22000625500E+09  0.123415       -0.245717       0.0850279       0.538013       0.0899161       0.526598       0.524306       -0.36214      
  1.23000623250E+09  0.111662       -0.245827       0.107054        0.534046       0.112347        0.522648       0.511864       -0.380401     
  1.24000621000E+09  0.0994195      -0.245286       0.131136        0.530962       0.135524        0.518623       0.498499       -0.403063     
  1.25000618750E+09  0.0884392      -0.243355       0.156043        0.526434       0.159411        0.513273       0.483787       -0.422991     
  1.26000616500E+09  0.0767573      -0.241182       0.180866        0.520682       0.183721        0.506276       0.468644       -0.443329     
  1.27000614250E+09  0.0660759      -0.238747       0.203727        0.513542       0.20628         0.498134       0.453314       -0.46041      
  1.28000612000E+09  0.0560964      -0.235227       0.225708        0.503225       0.226829        0.489178       0.436018       -0.476767     
  1.29000609750E+09  0.0457271      -0.231562       0.247791        0.493932       0.248628        0.479115       0.416147       -0.492111     
  1.30000607500E+09  0.0357124      -0.227981       0.268897        0.482447       0.270469        0.469401       0.397462       -0.507643     
  1.31000605250E+09  0.0261318      -0.222764       0.288866        0.470715       0.290959        0.457545       0.378625       -0.522614     
  1.32000603000E+09  0.0169905      -0.217284       0.311544        0.456907       0.312248        0.444404       0.357099       -0.538516     
  1.33000600750E+09  0.00913791     -0.210967       0.33181         0.443236       0.331619        0.429205       0.336388       -0.551587     
  1.34000598500E+09  0.000749787    -0.204203       0.354415        0.426596       0.350964        0.413687       0.312538       -0.568318     
  1.35000596250E+09 -0.00778449     -0.198781       0.375704        0.410083       0.370718        0.39844        0.287622       -0.582112     
  1.36000594000E+09 -0.0140786      -0.192349       0.390075        0.393774       0.388917        0.381174       0.267919       -0.589407     
  1.37000591750E+09 -0.0217553      -0.185008       0.410809        0.375567       0.40682         0.363504       0.242701       -0.603357     
  1.38000589500E+09 -0.0273797      -0.177396       0.425891        0.358161       0.423547        0.345033       0.220232       -0.611433     
  1.39000587250E+09 -0.0313577      -0.170003       0.439005        0.338729       0.440114        0.325104       0.198038       -0.617533     
  1.40000585000E+09 -0.0365966      -0.162361       0.45928         0.316104       0.454056        0.304964       0.167125       -0.628163     
  1.41000582750E+09 -0.0408289      -0.154598       0.475848        0.29321        0.46904         0.282436       0.140099       -0.636241     
  1.42000580500E+09 -0.0441753      -0.146738       0.487918        0.270621       0.481323        0.260195       0.113142       -0.641416     
  1.43000578250E+09 -0.047537       -0.138505       0.500025        0.247625       0.493142        0.237901       0.0870677      -0.64509      
  1.44000576000E+09 -0.0496682      -0.131167       0.513914        0.223267       0.506777        0.213335       0.0583336      -0.6506       
  1.45000573750E+09 -0.0522003      -0.122931       0.522937        0.197521       0.516301        0.186404       0.0288039      -0.651159     
  1.46000571500E+09 -0.0514295      -0.115264       0.527881        0.176049       0.522775        0.164805       0.00662756     -0.64892      
  1.47000569250E+09 -0.05212        -0.107393       0.537295        0.148781       0.52898         0.139554      -0.0244629      -0.648562     
  1.48000567000E+09 -0.0509026      -0.100877       0.541959        0.123813       0.53445         0.114099      -0.0510499      -0.644722     
  1.49000564750E+09 -0.0508138      -0.093249       0.548541        0.0945816      0.539622        0.0860984     -0.083499       -0.64054      
  1.50000562500E+09 -0.0495402      -0.0862717      0.552985        0.0661975      0.544037        0.0592086     -0.117278       -0.635914     
  1.51000560250E+09 -0.0476846      -0.0798351      0.555655        0.0402906      0.545993        0.0332306     -0.143264       -0.629403     
  1.52000558000E+09 -0.0445722      -0.0736608      0.555575        0.0152144      0.545625        0.00535787    -0.169908       -0.621186     
  1.53000555750E+09 -0.042105       -0.0676352      0.555048       -0.0131772      0.544918       -0.0212641     -0.198232       -0.611628     
  1.54000553500E+09 -0.0389495      -0.0628221      0.552248       -0.0411158      0.542527       -0.0477754     -0.226383       -0.600394     
  1.55000551250E+09 -0.0344412      -0.0580321      0.548374       -0.067919       0.538843       -0.0748645     -0.252963       -0.588458     
  1.56000549000E+09 -0.0299588      -0.0543717      0.543782       -0.0948972      0.53274        -0.102936      -0.27975        -0.574239     
  1.57000546750E+09 -0.0260783      -0.0498296      0.536732       -0.123161       0.525715       -0.129398      -0.307331       -0.557481     
  1.58000544500E+09 -0.0215786      -0.0475103      0.527597       -0.150275       0.51664        -0.157156      -0.333276       -0.5402       
  1.59000542250E+09 -0.0168584      -0.0454537      0.517259       -0.179259       0.506101       -0.182691      -0.361405       -0.519808     
  1.60000540000E+09 -0.011217       -0.0439965      0.505326       -0.205102       0.494638       -0.206893      -0.384738       -0.500142     
  1.61000537750E+09 -0.00669832     -0.0428113      0.492716       -0.22774        0.481714       -0.231621      -0.406066       -0.480258     
  1.62000535500E+09 -0.0015056      -0.0427726      0.478161       -0.251949       0.467138       -0.255418      -0.427914       -0.456727     
  1.63000533250E+09  0.00383951     -0.0430647      0.461713       -0.277365       0.45127        -0.278235      -0.449341       -0.431101     
  1.64000531000E+09  0.00852919     -0.0437819      0.445175       -0.298224       0.434225       -0.299142      -0.466519       -0.406576     
  1.65000528750E+09  0.0123598      -0.0453722      0.426478       -0.319691       0.414757       -0.320563      -0.484699       -0.37934      
  1.66000526500E+09  0.0167856      -0.0481595      0.407279       -0.339808       0.396331       -0.339579      -0.500127       -0.35258      
  1.67000524250E+09  0.0200802      -0.0509255      0.38625        -0.358965       0.376053       -0.357556      -0.514851       -0.323273     
  1.68000522000E+09  0.0236014      -0.0542023      0.363537       -0.377739       0.352717       -0.376054      -0.529149       -0.292508     
  1.69000519750E+09  0.0271812      -0.0580025      0.342014       -0.39111        0.331949       -0.38983       -0.537403       -0.266174     
  1.70000517500E+09  0.0298135      -0.0627824      0.321183       -0.404035       0.309468       -0.403134      -0.544994       -0.237484     
  1.71000515250E+09  0.032193       -0.0672151      0.296854       -0.416496       0.28625        -0.415411      -0.552382       -0.207338     
  1.72000513000E+09  0.0333031      -0.0724093      0.270835       -0.429416       0.261382       -0.42626       -0.559214       -0.173723     
  1.73000510750E+09  0.0336465      -0.0771161      0.243927       -0.440169       0.234304       -0.436407      -0.563185       -0.139926     
  1.74000508500E+09  0.0344824      -0.0826333      0.220145       -0.447678       0.209787       -0.444125      -0.563887       -0.111219     
  1.75000506250E+09  0.0340291      -0.0885906      0.192102       -0.454769       0.184118       -0.449703      -0.563988       -0.0766297    
  1.76000504000E+09  0.0326683      -0.0943733      0.164665       -0.459422       0.158799       -0.453587      -0.561443       -0.0452487    
  1.77000501750E+09  0.030453       -0.100273       0.140238       -0.462144       0.130341       -0.457692      -0.557739       -0.0151368    
  1.78000499500E+09  0.0280028      -0.105358       0.115337       -0.463634       0.10525        -0.458165      -0.550795        0.0133159    
  1.79000497250E+09  0.0242842      -0.110992       0.0908153      -0.464298       0.0795548      -0.457911      -0.543768        0.0420937    
  1.80000495000E+09  0.0207782      -0.116664       0.0642219      -0.462867       0.054965       -0.456356      -0.535583        0.0719626    
  1.81000492750E+09  0.0164819      -0.121123       0.039166       -0.459204       0.0316091      -0.452499      -0.524472        0.099132     
  1.82000490500E+09  0.0106492      -0.126409       0.0145088      -0.45535        0.00599195     -0.447273      -0.512161        0.126169     
  1.83000488250E+09  0.00515456     -0.130353      -0.0104864      -0.449207      -0.017339       -0.441304      -0.4973          0.154363     
  1.84000486000E+09 -0.00140355     -0.133344      -0.0332009      -0.441584      -0.0390898      -0.433404      -0.48086         0.17859      
  1.85000483750E+09 -0.00820038     -0.136301      -0.0554969      -0.432478      -0.0605402      -0.424374      -0.46407         0.201686     
  1.86000481500E+09 -0.0157931      -0.139597      -0.0749108      -0.422716      -0.0817972      -0.41453       -0.447015        0.222661     
  1.87000479250E+09 -0.0234432      -0.140853      -0.0952884      -0.412477      -0.101998       -0.40269       -0.429202        0.242541     
  1.88000477000E+09 -0.0315455      -0.141708      -0.116169       -0.400062      -0.120745       -0.390067      -0.407717        0.262721     
  1.89000474750E+09 -0.0389793      -0.142709      -0.134587       -0.386255      -0.13815        -0.37707       -0.386353        0.280877     
  1.90000472500E+09 -0.0469428      -0.142559      -0.150699       -0.373137      -0.154932       -0.363821      -0.365902        0.296489     
  1.91000470250E+09 -0.0546702      -0.142011      -0.166438       -0.358745      -0.169758       -0.34939       -0.343419        0.311695     
  1.92000468000E+09 -0.0632546      -0.140363      -0.181462       -0.345197      -0.184318       -0.334505      -0.322388        0.325339     
  1.93000465750E+09 -0.0714734      -0.138709      -0.194426       -0.329484      -0.197573       -0.319417      -0.299543        0.335642     
  1.94000463500E+09 -0.078887       -0.136506      -0.20539        -0.313351      -0.208469       -0.303757      -0.276891        0.344838     
  1.95000461250E+09 -0.0872509      -0.133457      -0.217589       -0.295054      -0.218894       -0.287283      -0.251033        0.353582     
  1.96000459000E+09 -0.0943185      -0.129449      -0.229797       -0.275208      -0.228129       -0.270868      -0.22287         0.363132     
  1.97000456750E+09 -0.101766       -0.12404       -0.239486       -0.25833       -0.235989       -0.254017      -0.199706        0.369405     
  1.98000454500E+09 -0.10907        -0.119029      -0.247507       -0.241612      -0.243823       -0.237644      -0.176545        0.374934     
  1.99000452250E+09 -0.115327       -0.114318      -0.253027       -0.227446      -0.249992       -0.221038      -0.156302        0.376821     
  2.00000450000E+09 -0.121362       -0.108019      -0.25763        -0.210712      -0.255183       -0.20461       -0.134903        0.378311     
  2.01000447750E+09 -0.127966       -0.100695      -0.261682       -0.194475      -0.258658       -0.187865      -0.11363         0.378626     
  2.02000445500E+09 -0.13276        -0.0943141     -0.265545       -0.177993      -0.260712       -0.173135      -0.0921867       0.377496     
  2.03000443250E+09 -0.137701       -0.0860161     -0.266786       -0.162723      -0.263395       -0.157324      -0.0722638       0.375148     
  2.04000441000E+09 -0.14274        -0.0787653     -0.267508       -0.147913      -0.264463       -0.142805      -0.0541812       0.371368     
  2.05000438750E+09 -0.14627        -0.0707085     -0.267318       -0.132506      -0.264665       -0.127816      -0.0353396       0.367448     
  2.06000436500E+09 -0.149218       -0.0626831     -0.267375       -0.117079      -0.263677       -0.11327       -0.0168378       0.362835     
  2.07000434250E+09 -0.152377       -0.0526038     -0.266273       -0.10198       -0.262234       -0.0989381      0.0017357       0.357018     
  2.08000432000E+09 -0.154743       -0.0437492     -0.265117       -0.0877882     -0.261364       -0.0838681      0.0189462       0.351496     
  2.09000429750E+09 -0.156432       -0.0353122     -0.262506       -0.0735921     -0.259852       -0.0707924      0.0361046       0.344162     
  2.10000427500E+09 -0.158338       -0.0270031     -0.259742       -0.0608921     -0.257162       -0.0589647      0.051443        0.336705     
  2.11000425250E+09 -0.15904        -0.01779       -0.256673       -0.0481334     -0.252967       -0.0461026      0.0665384       0.329597     
  2.12000423000E+09 -0.159122       -0.00892739    -0.252705       -0.0361117     -0.248761       -0.0339085      0.0803401       0.320548     
  2.13000420750E+09 -0.158298       -0.000102048   -0.248188       -0.0262367     -0.243833       -0.0227945      0.091432        0.311614     
  2.14000418500E+09 -0.1568          0.00887991    -0.243871       -0.0151216     -0.239046       -0.0111315      0.104101        0.304234     
  2.15000416250E+09 -0.154932        0.0170741     -0.238556       -0.00526837    -0.233886       -0.000922646    0.116072        0.294072     
  2.16000414000E+09 -0.153427        0.0257991     -0.233477        0.00490996    -0.228859        0.00906481     0.128042        0.284825     
  2.17000411750E+09 -0.150816        0.0338987     -0.227104        0.0134249     -0.22311         0.0178146      0.137145        0.273788     
  2.18000409500E+09 -0.147986        0.042234      -0.220253        0.0226499     -0.21784         0.0264805      0.147681        0.263029     
  2.19000407250E+09 -0.144376        0.0494195     -0.215088        0.0339552     -0.210344        0.03371        0.160913        0.252644     
  2.20000405000E+09 -0.139147        0.0569225     -0.208527        0.0415045     -0.204282        0.0417025      0.169529        0.241773     
  2.21000402750E+09 -0.135615        0.0653093     -0.201394        0.0490786     -0.197481        0.0491593      0.177313        0.230621     
  2.22000400500E+09 -0.129974        0.0716445     -0.194622        0.0554513     -0.190641        0.0554575      0.185518        0.220383     
  2.23000398250E+09 -0.124842        0.0790084     -0.187143        0.06158       -0.183768        0.0615311      0.191421        0.209158     
  2.24000396000E+09 -0.119202        0.0856998     -0.17972         0.0681591     -0.176891        0.0684277      0.197733        0.198883     
  2.25000393750E+09 -0.113172        0.0911593     -0.173567        0.0734472     -0.170285        0.0724165      0.203763        0.189164     
  2.26000391500E+09 -0.106935        0.0972813     -0.166888        0.0783466     -0.162795        0.076948       0.2092          0.179241     
  2.27000389250E+09 -0.0999421       0.102733      -0.15981         0.0811491     -0.155692        0.0820393      0.21154         0.169951     
  2.28000387000E+09 -0.0932638       0.107654      -0.151785        0.0842631     -0.148449        0.0853285      0.214608        0.160058     
  2.29000384750E+09 -0.0853578       0.111582      -0.144072        0.0883801     -0.14065         0.0893972      0.21771         0.148962     
  2.30000382500E+09 -0.0783634       0.115886      -0.137205        0.0918105     -0.133737        0.0918433      0.221089        0.139434     
  2.31000380250E+09 -0.0711419       0.119837      -0.130185        0.0945362     -0.127268        0.0939806      0.22284         0.129726     
  2.32000378000E+09 -0.0642881       0.122753      -0.122532        0.0964261     -0.120533        0.0967744      0.223876        0.120119     
  2.33000375750E+09 -0.0560818       0.125192      -0.115322        0.0982097     -0.113601        0.0980856      0.225412        0.109497     
  2.34000373500E+09 -0.0482512       0.127718      -0.108235        0.100906      -0.106892        0.0999326      0.226935        0.0996621    
  2.35000371250E+09 -0.040465        0.129047      -0.10199         0.102485      -0.100464        0.100739       0.228356        0.0902348    
  2.36000369000E+09 -0.0323473       0.130759      -0.0955953       0.103606      -0.0934043       0.102672       0.228797        0.0813239    
  2.37000366750E+09 -0.0241586       0.132083      -0.0894449       0.103681      -0.08767         0.103236       0.228628        0.0727453    
  2.38000364500E+09 -0.0156293       0.132858      -0.0836296       0.103688      -0.081498        0.104101       0.227648        0.0646638    
  2.39000362250E+09 -0.00828714      0.133288      -0.0771152       0.103812      -0.074772        0.105052       0.22726         0.0560699    
  2.40000360000E+09 -0.000400074     0.132701      -0.0721206       0.102638      -0.0699882       0.104323       0.227375        0.0490485    
  2.41000357750E+09  0.00739836      0.131594      -0.0662253       0.102173      -0.0646651       0.103422       0.225456        0.0418476    
  2.42000355500E+09  0.0149127       0.129353      -0.0598089       0.101576      -0.0593178       0.102243       0.225604        0.0326814    
  2.43000353250E+09  0.0229156       0.128202      -0.0535262       0.102374      -0.0535793       0.101146       0.225604        0.0219738    
  2.44000351000E+09  0.0310298       0.126066      -0.048275        0.102702      -0.0480222       0.100086       0.225613        0.0128898    
  2.45000348750E+09  0.0382258       0.123521      -0.0439318       0.101122      -0.0428038       0.0998143      0.225761        0.00765912   
  2.46000346500E+09  0.0450711       0.120604      -0.0406856       0.0978541     -0.0386627       0.09698        0.223566        0.00624227   
  2.47000344250E+09  0.0522951       0.116811      -0.0363326       0.0948068     -0.0336305       0.0968355      0.219292        0.000831448  
  2.48000342000E+09  0.0590426       0.113327      -0.0305274       0.0946861     -0.029044        0.0946925      0.218834       -0.00949387   
  2.49000339750E+09  0.0658412       0.109147      -0.0268095       0.0933764     -0.0249302       0.0925431      0.217732       -0.0154917    
  2.50000337500E+09  0.0723895       0.104274      -0.0239264       0.0912684     -0.0206531       0.0907409      0.215743       -0.0180285    
  2.51000335250E+09  0.0777328       0.0997914     -0.0198894       0.0886868     -0.0180489       0.0887051      0.213453       -0.0237669    
  2.52000333000E+09  0.0832984       0.0953221     -0.0166052       0.0871436     -0.0144093       0.0864004      0.210892       -0.0285189    
  2.53000330750E+09  0.089255        0.0894943     -0.0133039       0.0845253     -0.0103765       0.0842516      0.208928       -0.0344216    
  2.54000328500E+09  0.0944278       0.0840168     -0.00955645      0.0821693     -0.0072353       0.081386       0.204758       -0.0399371    
  2.55000326250E+09  0.0989416       0.0782693     -0.00593852      0.0795816     -0.0046743       0.079141       0.201758       -0.0453275    
  2.56000324000E+09  0.104662        0.073141      -0.00347514      0.0771951     -0.00222135      0.0766697      0.198926       -0.0501928    
  2.57000321750E+09  0.10751         0.0667122     -0.00114163      0.0744573      0.00072045      0.0745253      0.196883       -0.0541411    
  2.58000319500E+09  0.112606        0.0596661      0.00101684      0.0721258      0.00332584      0.0716601      0.193923       -0.0591874    
  2.59000317250E+09  0.115167        0.0528942      0.00414964      0.0703543      0.00489902      0.069351       0.19157        -0.0647612    
  2.60000315000E+09  0.118449        0.0466406      0.00571764      0.0672317      0.00727513      0.0665432      0.188316       -0.0694792    
  2.61000312750E+09  0.1209          0.0388965      0.00700734      0.0642128      0.00949677      0.0639708      0.184889       -0.0722599    
  2.62000310500E+09  0.123007        0.0308044      0.0096263       0.0618295      0.0108737       0.060841       0.182875       -0.0776603    
  2.63000308250E+09  0.124811        0.0233579      0.0112516       0.0593052      0.0129334       0.0585464      0.180608       -0.0829084    
  2.64000306000E+09  0.126885        0.0169857      0.0124618       0.0567013      0.013226        0.0556933      0.177843       -0.0876267    
  2.65000303750E+09  0.127161        0.0102975      0.0134086       0.0536869      0.0142763       0.0528004      0.174972       -0.090471     
  2.66000301500E+09  0.128156        0.00284124     0.0140341       0.0512043      0.0151597       0.0503178      0.17306        -0.0926934    
  2.67000299250E+09  0.128538       -0.00519728     0.0151745       0.0490198      0.0161718       0.0478202      0.17042        -0.0973393    
  2.68000297000E+09  0.128289       -0.0122944      0.0163097       0.0461996      0.0165998       0.045018       0.169067       -0.0986102    
  2.69000294750E+09  0.128552       -0.0203446      0.01608         0.0435261      0.0172003       0.0429491      0.167098       -0.101954     
  2.70000292500E+09  0.126846       -0.026849       0.0168718       0.0416991      0.0176906       0.0404039      0.162937       -0.104845     
  2.71000290250E+09  0.126265       -0.0353964      0.0167601       0.0392108      0.0182802       0.0378607      0.160051       -0.10839      
  2.72000288000E+09  0.124596       -0.0420982      0.0170554       0.0366212      0.0182379       0.0358359      0.157385       -0.111621     
  2.73000285750E+09  0.122306       -0.0484698      0.0176718       0.0345826      0.0178756       0.0334612      0.15378        -0.114473     
  2.74000283500E+09  0.120639       -0.056174       0.0169398       0.0317515      0.0175314       0.0314276      0.149579       -0.117247     
  2.75000281250E+09  0.117697       -0.0633081      0.017207        0.029941       0.0177186       0.029076       0.146787       -0.119393     
  2.76000279000E+09  0.113245       -0.0706772      0.0170872       0.0282278      0.0173826       0.0270115      0.143257       -0.121723     
  2.77000276750E+09  0.109544       -0.0771529      0.0167125       0.0253393      0.0172176       0.0244331      0.140723       -0.125759     
  2.78000274500E+09  0.107042       -0.0831303      0.0163525       0.0239172      0.0169056       0.023191       0.136655       -0.12799      
  2.79000272250E+09  0.102554       -0.0882852      0.0152383       0.0223288      0.0154065       0.0210023      0.135314       -0.129512     
  2.80000270000E+09  0.0988345      -0.0940633      0.0146261       0.0203584      0.0149428       0.0194576      0.132954       -0.131929     
  2.81000267750E+09  0.0945249      -0.0995336      0.0137552       0.0189724      0.0141277       0.0179261      0.12764        -0.134614     
  2.82000265500E+09  0.089003       -0.104732       0.0130188       0.0171786      0.0129915       0.0169926      0.124014       -0.135966     
  2.83000263250E+09  0.0834099      -0.109423       0.0115968       0.0159958      0.0125029       0.0151348      0.122286       -0.138253     
  2.84000261000E+09  0.0776399      -0.114157       0.0111136       0.0141174      0.0110842       0.0135644      0.119772       -0.141611     
  2.85000258750E+09  0.072446       -0.118358       0.0100386       0.0132743      0.0103767       0.0127217      0.116627       -0.144295     
  2.86000256500E+09  0.0667754      -0.121088       0.00865307      0.0120452      0.00883987      0.0120242      0.115844       -0.144632     
  2.87000254250E+09  0.0602278      -0.126177       0.00741084      0.0107776      0.00786822      0.0103731      0.11397        -0.145227     
  2.88000252000E+09  0.0540294      -0.130817       0.00573958      0.0103121      0.00610395      0.00981433     0.113643       -0.146721     
  2.89000249750E+09  0.0455071      -0.133957       0.00432614      0.00931437     0.0054002       0.00833764     0.112662       -0.145861     
  2.90000247500E+09  0.0357867      -0.138351       0.00302398      0.00817898     0.00425282      0.00804388     0.108257       -0.145497     
  2.91000245250E+09  0.0295115      -0.141533       0.00147551      0.00727287     0.00216979      0.00663142     0.106979       -0.144513     
  2.92000243000E+09  0.0237622      -0.141745       0.000455444     0.00687634     0.00153266      0.00631741     0.0991239      -0.14673      
  2.93000240750E+09  0.0150767      -0.14455       -0.000412965     0.00599212    -0.000144265     0.00650127     0.0897697      -0.153937     
  2.94000238500E+09  0.00840567     -0.144972      -0.00214121      0.00607577    -0.0013192       0.00542891     0.0874325      -0.154646     
  2.95000236250E+09  0.00115929     -0.145476      -0.00343608      0.00539913    -0.00342011      0.00573632     0.0834524      -0.155564     
  2.96000234000E+09 -0.00496617     -0.145626      -0.0049787       0.00465638    -0.00487794      0.00539849     0.0779692      -0.15815      
  2.97000231750E+09 -0.0122006      -0.146149      -0.00614588      0.00570081    -0.00593765      0.00589975     0.0717015      -0.161678     
  2.98000229500E+09 -0.0182186      -0.145174      -0.00787732      0.0057934     -0.00749706      0.0051521      0.0655557      -0.165841     
  2.99000227250E+09 -0.0245711      -0.144287      -0.00874605      0.00609879    -0.0092716       0.00572509     0.0625037      -0.166834     
  3.00000225000E+09 -0.0313992      -0.14237       -0.0103763       0.00602506    -0.0103052       0.0061984      0.0597428      -0.168233     
  3.01000222750E+09 -0.038283       -0.140579      -0.0119769       0.00655708    -0.0120705       0.00650364     0.0569527      -0.168917     
  3.02000220500E+09 -0.045835       -0.13888       -0.0134586       0.00757247    -0.0133026       0.00691062     0.0540134      -0.170097     
  3.03000218250E+09 -0.0520592      -0.136942      -0.0150491       0.00777708    -0.0143621       0.00757188     0.0524748      -0.1691       
  3.04000216000E+09 -0.0579631      -0.134068      -0.0162484       0.00805978    -0.0158832       0.00750815     0.0519755      -0.168982     
  3.05000213750E+09 -0.0630365      -0.131254      -0.0174899       0.008695      -0.0169531       0.00866639     0.050357       -0.168371     
  3.06000211500E+09 -0.0696618      -0.127758      -0.019013        0.00938412    -0.0184917       0.00942911     0.0473553      -0.168333     
  3.07000209250E+09 -0.0763777      -0.123459      -0.0198491       0.0104403     -0.0200943       0.0104903      0.0444393      -0.169088     
  3.08000207000E+09 -0.0825312      -0.119376      -0.0212522       0.0109119     -0.0214381       0.0114633      0.0402013      -0.170035     
  3.09000204750E+09 -0.0878679      -0.113775      -0.0227725       0.0122452     -0.0222308       0.0123172      0.037583       -0.170315     
  3.10000202500E+09 -0.0937993      -0.109836      -0.0236445       0.0133755     -0.0230296       0.0133235      0.0337175      -0.170571     
  3.11000200250E+09 -0.0994593      -0.104989      -0.0251741       0.0151916     -0.0240544       0.014724       0.0311196      -0.170493     
  3.12000198000E+09 -0.104064       -0.099854      -0.0261127       0.0158697     -0.0255265       0.0163842      0.0283963      -0.170958     
  3.13000195750E+09 -0.109195       -0.0934958     -0.0271563       0.0174356     -0.0267743       0.0171292      0.0247547      -0.170845     
  3.14000193500E+09 -0.113959       -0.0876802     -0.0281847       0.0192173     -0.0274468       0.018622       0.02131        -0.170963     
  3.15000191250E+09 -0.117548       -0.0820231     -0.0286054       0.0206568     -0.0276164       0.0207781      0.017524       -0.170285     
  3.16000189000E+09 -0.12136        -0.0760636     -0.0294568       0.0224304     -0.0286268       0.0222534      0.0146203      -0.170933     
  3.17000186750E+09 -0.1245         -0.0694298     -0.0306579       0.024136      -0.0296441       0.0238609      0.0114554      -0.169494     
  3.18000184500E+09 -0.127918       -0.0616501     -0.0310304       0.0255019     -0.0301378       0.0259412      0.00864764     -0.169292     
  3.19000182250E+09 -0.130793       -0.0551279     -0.0314638       0.0278627     -0.0294158       0.0280594      0.00524603     -0.169717     
  3.20000180000E+09 -0.132967       -0.0477483     -0.0316216       0.0293721     -0.0298835       0.0307341      0.00130478     -0.168206     
  3.21000177750E+09 -0.135071       -0.0396479     -0.0324101       0.0315214     -0.0301977       0.032518      -0.00150137     -0.168493     
  3.22000175500E+09 -0.136188       -0.0322683     -0.0331239       0.033904      -0.030578        0.0341188     -0.00353452     -0.167286     
  3.23000173250E+09 -0.136387       -0.0266487     -0.0323719       0.0356637     -0.0312444       0.0353373     -0.00586552     -0.165746     
  3.24000171000E+09 -0.136656       -0.0199586     -0.0337015       0.0378916     -0.0311937       0.0378529     -0.00710284     -0.165726     
  3.25000168750E+09 -0.136287       -0.0127106     -0.0339155       0.0390952     -0.0315423       0.0403169     -0.0074149      -0.165126     
  3.26000166500E+09 -0.135148       -0.00462875    -0.0348291       0.0400674     -0.0309321       0.0429712     -0.00590758     -0.16307      
  3.27000164250E+09 -0.134591        0.00301866    -0.0347533       0.0419855     -0.0307487       0.0447708     -0.00836019     -0.161138     
  3.28000162000E+09 -0.133256        0.0105784     -0.0328461       0.0455522     -0.0309449       0.0472469     -0.0182125      -0.158927     
  3.29000159750E+09 -0.130368        0.0175262     -0.0298482       0.0501415     -0.0300418       0.0500583     -0.0322162      -0.158939     
  3.30000157500E+09 -0.128037        0.0247541     -0.027563        0.0535067     -0.028766        0.0527015     -0.0410701      -0.157471     
  3.31000155250E+09 -0.125322        0.0318188     -0.0259909       0.0569607     -0.0278494       0.0547499     -0.0467899      -0.15868      
  3.32000153000E+09 -0.121537        0.0390947     -0.0263098       0.0591978     -0.0273967       0.0570295     -0.0457965      -0.15899      
  3.33000150750E+09 -0.116816        0.0454383     -0.0264251       0.0615004     -0.0258548       0.0594087     -0.0464746      -0.157934     
  3.34000148500E+09 -0.113614        0.0522505     -0.0256019       0.0641985     -0.0253425       0.0624592     -0.0488647      -0.157312     
  3.35000146250E+09 -0.109382        0.0577833     -0.0244958       0.0671037     -0.0241893       0.0649481     -0.050242       -0.156001     
  3.36000144000E+09 -0.103737        0.0642704     -0.0233757       0.0687131     -0.0221854       0.0681295     -0.0527312      -0.154568     
  3.37000141750E+09 -0.0981123       0.070548      -0.0214762       0.0718073     -0.0204064       0.0705246     -0.0557511      -0.153791     
  3.38000139500E+09 -0.0925328       0.075848      -0.0207103       0.0747329     -0.0184653       0.073618      -0.0565827      -0.15205      
  3.39000137250E+09 -0.0865832       0.080246      -0.0199091       0.0767959     -0.017223        0.0757641     -0.0570334      -0.15208      
  3.40000135000E+09 -0.0814539       0.0837278     -0.0186525       0.0796743     -0.0164739       0.0780942     -0.0588001      -0.151093     
  3.41000132750E+09 -0.0762463       0.0856328     -0.01887         0.082288      -0.0157031       0.0804522     -0.0565291      -0.150736     
  3.42000130500E+09 -0.0706011       0.088083      -0.0189567       0.0836507     -0.0154628       0.0827775     -0.0549061      -0.150088     
  3.43000128250E+09 -0.0640376       0.0907167     -0.0182577       0.0858495     -0.0139554       0.0844894     -0.0546168      -0.148558     
  3.44000126000E+09 -0.0563757       0.0941026     -0.0163265       0.0883434     -0.011295        0.0875347     -0.0565735      -0.146934     
  3.45000123750E+09 -0.0477375       0.0961973     -0.0127188       0.0911172     -0.00857975      0.0896568     -0.0600911      -0.144017     
  3.46000121500E+09 -0.0403462       0.0980557     -0.00999677      0.0933578     -0.00479467      0.0924752     -0.0623867      -0.142731     
  3.47000119250E+09 -0.0317812       0.0989465     -0.00896194      0.0954104     -0.00127461      0.0940624     -0.0619905      -0.139802     
  3.48000117000E+09 -0.0230869       0.0993779     -0.00687482      0.096727       0.00355818      0.0971574     -0.0620197      -0.136952     
  3.49000114750E+09 -0.014566        0.099848      -0.00302252      0.0991293      0.00645756      0.0991744     -0.0663526      -0.133942     
  3.50000112500E+09 -0.00694279      0.0989282      0.00212469      0.100299       0.010002        0.100996      -0.0713256      -0.130101     
  3.51000110250E+09  0.00117615      0.0985324      0.00831167      0.103145       0.0129485       0.102759      -0.0785345      -0.126819     
  3.52000108000E+09  0.00961761      0.0964322      0.0152654       0.106337       0.017632        0.105209      -0.0852789      -0.125573     
  3.53000105750E+09  0.0185444       0.0942785      0.0227263       0.109074       0.0233929       0.106877      -0.0934969      -0.123488     
  3.54000103500E+09  0.0268827       0.0910712      0.0289633       0.110798       0.0278463       0.108894      -0.0980403      -0.120804     
  3.55000101250E+09  0.0343674       0.0893207      0.0320453       0.114557       0.0317583       0.111769      -0.0986292      -0.121253     
  3.56000099000E+09  0.0404028       0.0859386      0.0348826       0.11649        0.0352405       0.113725      -0.0987614      -0.119822     
  3.57000096750E+09  0.0478325       0.0804981      0.0389387       0.11832        0.0391551       0.114992      -0.100802       -0.118738     
  3.58000094500E+09  0.0545436       0.0753569      0.0430996       0.119824       0.0448681       0.115867      -0.102576       -0.11641      
  3.59000092250E+09  0.0607276       0.0710871      0.0467973       0.121353       0.0504476       0.116847      -0.104522       -0.114706     
  3.60000090000E+09  0.0678304       0.0644197      0.0515778       0.121956       0.056284        0.11786       -0.106426       -0.11106      
  3.61000087750E+09  0.0730186       0.0579544      0.0579972       0.122536       0.0613547       0.118291      -0.109457       -0.108804     
  3.62000085500E+09  0.079449        0.0514318      0.0640424       0.124312       0.0673514       0.118331      -0.112782       -0.106437     
  3.63000083250E+09  0.0841473       0.0440902      0.0697805       0.123949       0.0731777       0.118596      -0.115699       -0.103229     
  3.64000081000E+09  0.0878473       0.0360854      0.0767222       0.123643       0.0791455       0.118739      -0.119207       -0.0993392    
  3.65000078750E+09  0.0931174       0.0279097      0.0841318       0.124973       0.0856299       0.11875       -0.122624       -0.0983609    
  3.66000076500E+09  0.096492        0.0198224      0.0905989       0.124491       0.092282        0.117894      -0.125051       -0.0953345    
  3.67000074250E+09  0.0994643       0.0108487      0.0977259       0.122641       0.0988593       0.117565      -0.126854       -0.0913417    
  3.68000072000E+09  0.101657        0.00243099     0.103941        0.122034       0.104729        0.116733      -0.13047        -0.0878124    
  3.69000069750E+09  0.104256       -0.00682062     0.110886        0.120928       0.111231        0.115166      -0.13281        -0.085324     
  3.70000067500E+09  0.105558       -0.01642        0.11737         0.119863       0.117664        0.114044      -0.134986       -0.0811382    
  3.71000065250E+09  0.106394       -0.024593       0.126106        0.117448       0.124716        0.111623      -0.137824       -0.0764025    
  3.72000063000E+09  0.106384       -0.0348964      0.132227        0.114203       0.131           0.109481      -0.140166       -0.0728248    
  3.73000060750E+09  0.10674        -0.0444228      0.139575        0.110806       0.138344        0.106548      -0.143224       -0.066943     
  3.74000058500E+09  0.105519       -0.0547488      0.148231        0.107435       0.147079        0.103208      -0.146107       -0.0625301    
  3.75000056250E+09  0.103282       -0.0653314      0.155098        0.104517       0.154333        0.0992456     -0.147719       -0.0579276    
  3.76000054000E+09  0.101804       -0.0741138      0.16312         0.101769       0.161163        0.0956538     -0.151164       -0.0535598    
  3.77000051750E+09  0.0980178      -0.0838833      0.17087         0.0986453      0.168532        0.090643      -0.153232       -0.0481153    
  3.78000049500E+09  0.0942155      -0.094066       0.177535        0.0943383      0.175238        0.0857973     -0.155922       -0.0430895    
  3.79000047250E+09  0.0913417      -0.102822       0.187642        0.0884175      0.184021        0.0817949     -0.159995       -0.0366405    
  3.80000045000E+09  0.0858682      -0.112162       0.194191        0.0825579      0.189941        0.0765634     -0.162219       -0.0306945    
  3.81000042750E+09  0.0798831      -0.121254       0.200737        0.0783883      0.196891        0.0700311     -0.163775       -0.026031     
  3.82000040500E+09  0.0727218      -0.129688       0.208177        0.0713041      0.204217        0.0623238     -0.165427       -0.0180089    
  3.83000038250E+09  0.0666351      -0.137825       0.215695        0.0632293      0.211301        0.0546853     -0.167615       -0.0103636    
  3.84000036000E+09  0.0580677      -0.146113       0.222367        0.0538578      0.218213        0.046317      -0.168775       -0.00312907   
  3.85000033750E+09  0.0498071      -0.153217       0.22877         0.0446715      0.224709        0.0369617     -0.168937        0.00347742   
  3.86000031500E+09  0.0408395      -0.161363       0.234896        0.0351399      0.230859        0.0278021     -0.169408        0.0123833    
  3.87000029250E+09  0.0316158      -0.167127       0.240902        0.0256198      0.236148        0.0192713     -0.169871        0.0195275    
  3.88000027000E+09  0.0215893      -0.172985       0.245362        0.0156365      0.241493        0.00904654    -0.16999         0.027484     
  3.89000024750E+09  0.0107596      -0.17877        0.250127        0.00451197     0.246962       -0.00150815    -0.169993        0.0361687    
  3.90000022500E+09  0.000195611    -0.183052       0.256299       -0.00844904     0.251781       -0.0117744     -0.168966        0.0462032    
  3.91000020250E+09 -0.0114378      -0.187442       0.262544       -0.0227099      0.254996       -0.0235026     -0.168523        0.0555246    
  3.92000018000E+09 -0.0216849      -0.189744       0.267581       -0.0353041      0.259234       -0.0354673     -0.165828        0.0657279    
  3.93000015750E+09 -0.0342994      -0.193368       0.27208        -0.0483304      0.26333        -0.0479356     -0.163819        0.0747546    
  3.94000013500E+09 -0.0466299      -0.195311       0.27576        -0.0619301      0.26678        -0.0620172     -0.16171         0.0856224    
  3.95000011250E+09 -0.0581476      -0.195882       0.277622       -0.0744728      0.26898        -0.0739852     -0.1573          0.0947123    
  3.96000009000E+09 -0.0702451      -0.196951       0.276518       -0.0835021      0.269709       -0.086825      -0.152983        0.10085      
  3.97000006750E+09 -0.0817608      -0.196955       0.27706        -0.0951994      0.272944       -0.100402      -0.149374        0.109594     
  3.98000004500E+09 -0.0925122      -0.196797       0.277931       -0.107423       0.273749       -0.112682      -0.145009        0.119567     
  3.99000002250E+09 -0.104869       -0.195448       0.279186       -0.123989       0.274645       -0.12958       -0.139373        0.130607     
  4.00000000000E+09 -0.116912       -0.192984       0.278166       -0.140694       0.27447        -0.143773      -0.131473        0.140809     
