# Created by Octave 2.9.9, Wed Jun 06 12:37:12 2007 CEST <josele@josele-laptop>
# name: S11dB
# type: matrix
# rows: 401
# columns: 1
 -6.003863183845279
 -6.087998614580457
 -6.098229268400298
 -6.11853592985531
 -6.125675217136484
 -6.132076673831016
 -6.133434187871845
 -6.140765550272146
 -6.142653747395156
 -6.152633349596743
 -6.152041241049149
 -6.159213583356378
 -6.155143500074685
 -6.168021062337084
 -6.177010452924808
 -6.18806585508452
 -6.183266394137794
 -6.195295264260473
 -6.197383552404849
 -6.210001327345847
 -6.220902580613239
 -6.21635539048213
 -6.230606504466748
 -6.244967949886082
 -6.253976116556322
 -6.257761225254344
 -6.265457905079032
 -6.267730288342798
 -6.28441490834571
 -6.294900349273656
 -6.29126998604958
 -6.320702907545453
 -6.318519670375359
 -6.316171107308506
 -6.338882604745271
 -6.351183442038801
 -6.359705580088657
 -6.370838777342575
 -6.388103213598514
 -6.403166990598378
 -6.413163284901358
 -6.413808794190913
 -6.424992708480627
 -6.456154490716401
 -6.461797764078925
 -6.491826394728263
 -6.505481861795016
 -6.510971439558712
 -6.539489821813715
 -6.568403147412005
 -6.584638626822445
 -6.595417669279798
 -6.594754838186238
 -6.616967414742929
 -6.629201982724809
 -6.639266806805423
 -6.667368600573386
 -6.692396109286927
 -6.710926116275723
 -6.725736835491587
 -6.751072677319502
 -6.76703105089805
 -6.786891504862558
 -6.825205924620461
 -6.860947884080827
 -6.890420256176765
 -6.918843187841659
 -6.955613966489329
 -6.991482164171583
 -7.022438948877742
 -7.058287619582366
 -7.090192155924877
 -7.127942627161184
 -7.158068639490768
 -7.188227079349709
 -7.210065059789709
 -7.251179516082676
 -7.276162181230194
 -7.308922672113774
 -7.346651618630973
 -7.379261403203015
 -7.440641004827519
 -7.474533448376727
 -7.528611574600058
 -7.573350126335447
 -7.61901013637042
 -7.683962955307816
 -7.745932768670308
 -7.80329352149856
 -7.863070901778944
 -7.887590633741391
 -7.978648865014585
 -8.050409759329247
 -8.123351738160562
 -8.21098219096646
 -8.258339746764651
 -8.32036537467947
 -8.388967549139458
 -8.454737571022108
 -8.520753671217271
 -8.584364326425725
 -8.67648553684251
 -8.757672230799738
 -8.857412840654227
 -8.967062831807283
 -9.045610386189205
 -9.12430008073602
 -9.23907114961138
 -9.340307099176089
 -9.439697668429607
 -9.542383816861918
 -9.656426724591041
 -9.774598572013611
 -9.912242387421612
 -10.04597961840875
 -10.16368696983557
 -10.29588226191619
 -10.43300557495288
 -10.57988163991424
 -10.7205941976362
 -10.87418056304463
 -11.02154356799998
 -11.21431639172
 -11.37276545532308
 -11.54595215858522
 -11.73645600884996
 -11.93410081163519
 -12.1207109036177
 -12.33003422089887
 -12.54051815582418
 -12.73674582044839
 -12.98374423653993
 -13.23297121749777
 -13.50756912848602
 -13.79869908653776
 -14.02584736371275
 -14.29499735395599
 -14.59654841552992
 -14.91888094290612
 -15.24556543962107
 -15.57513874093646
 -15.92311044395058
 -16.2923721616159
 -16.68706324880383
 -17.06157842865727
 -17.48680571816217
 -17.97762873513351
 -18.46192729048483
 -18.93902847826683
 -19.47790311593696
 -20.04494778175942
 -20.63111223789965
 -21.30029758745734
 -21.97407464316598
 -22.62514760598461
 -23.41614518356061
 -24.14109536335949
 -24.99891640757262
 -25.64973956846678
 -26.28886956034478
 -26.85813900842006
 -27.26379599505611
 -27.37130920990957
 -27.28318618892184
 -27.01233823988921
 -26.55332461260639
 -25.84843984831142
 -25.23368183884298
 -24.56563331680573
 -23.8688708973301
 -23.16010203304302
 -22.55373879067616
 -21.97075618022156
 -21.50029324393166
 -20.95971963859995
 -20.4545484186818
 -20.01150771677517
 -19.59316198232433
 -19.25020365051307
 -18.89109201322101
 -18.52564150091238
 -18.25578649195733
 -17.93372683966876
 -17.69079382007965
 -17.50004928710427
 -17.29432748018719
 -17.04724482796342
 -16.90600852766439
 -16.76206126264138
 -16.59848596936218
 -16.47302521948381
 -16.35337305169325
 -16.25198219079218
 -16.13525405767589
 -16.0455046992116
 -15.94764825248738
 -15.90861448733797
 -15.89353658989211
 -15.83956138040313
 -15.78907623562748
 -15.78448069764253
 -15.76511969019657
 -15.76420469312795
 -15.79049077119845
 -15.75466590226605
 -15.78484835011229
 -15.81778570683794
 -15.85262071639869
 -15.87381748313195
 -15.89764123619847
 -15.88378784889465
 -15.91586933284161
 -15.95174675668339
 -16.01048963819471
 -16.07917246179927
 -16.1447506120293
 -16.16087056323732
 -16.21700458488109
 -16.25552888481618
 -16.32891746712245
 -16.45852003130166
 -16.44802715368242
 -16.57060913479695
 -16.60988994871136
 -16.66480734835667
 -16.75348868709396
 -16.79879781593559
 -16.87346859924284
 -16.92771036747394
 -17.04729932689985
 -17.08400576071893
 -17.11704339500956
 -17.16670298557857
 -17.25421801118494
 -17.29552558313857
 -17.37773367177332
 -17.41260646168048
 -17.44014947876731
 -17.4725560032248
 -17.4874228515953
 -17.54247661355891
 -17.60157265110342
 -17.70712778919777
 -17.70551681829829
 -17.73258750585151
 -17.76798814044984
 -17.80501165784689
 -17.85697047437952
 -17.87039412431262
 -17.89196582052251
 -17.92815324158662
 -17.95860699546289
 -17.95203962116681
 -17.96540517831478
 -17.96547386442109
 -17.98179070911963
 -17.87712755760242
 -17.95638027248732
 -17.8940983741105
 -17.94221082871653
 -17.90337265493783
 -17.92372425421612
 -17.93723864843322
 -17.92543985388935
 -17.85465637977159
 -17.88453428110899
 -17.84308702073357
 -17.81227478706748
 -17.79650767779253
 -17.71098914064409
 -17.74412225331539
 -17.64578742168882
 -17.62043735853241
 -17.61751127485421
 -17.51798933627923
 -17.48106403497063
 -17.49099693973637
 -17.45876082707515
 -17.35923079090092
 -17.37273719916759
 -17.30109831827556
 -17.24875438033538
 -17.23760551011279
 -17.22835521251098
 -17.19882236856163
 -17.15410488243246
 -17.18483543392288
 -17.08897153728632
 -16.98269974660909
 -16.98636290427101
 -16.89908382374572
 -16.79801378920858
 -16.84947737260696
 -16.75264768790184
 -16.75974161501961
 -16.74389718993911
 -16.73017384435549
 -16.67392201459201
 -16.69435920574321
 -16.6913030819962
 -16.72536302700945
 -16.73090034573804
 -16.69819638934199
 -16.68304077368236
 -16.70928735528069
 -16.73639293871448
 -16.74179186910611
 -16.76218450711908
 -16.76499807008518
 -16.84753694268801
 -16.80638738504595
 -16.79545402009217
 -16.81933795947036
 -16.8476432468534
 -16.84565590759889
 -16.87287063911444
 -16.87951324585746
 -16.92060328493431
 -16.95428705401063
 -16.95813450999606
 -16.99836781530234
 -17.02981135051533
 -17.08000714041984
 -17.14182485233743
 -17.19576253927266
 -17.27329943609948
 -17.3787161290582
 -17.41749550711205
 -17.47898193684847
 -17.61879016136091
 -17.69391725980038
 -17.76814647340123
 -17.87822042446981
 -18.03806759688387
 -18.05811688745677
 -18.15214008791703
 -18.2704552932336
 -18.35556614695928
 -18.44201421702482
 -18.55859648542138
 -18.65023839974514
 -18.81190690048627
 -18.94723879218657
 -19.09025163705449
 -19.19607356408637
 -19.38065637277946
 -19.49127981182802
 -19.6655796690304
 -19.82592161376844
 -19.92175802279896
 -20.07226029271523
 -20.12780001754509
 -20.27257285965428
 -20.34688664814705
 -20.44955123817434
 -20.38137449033779
 -20.44897993743286
 -20.57104800404613
 -20.6279983694474
 -20.58428088956018
 -20.57949218857996
 -20.6095881294535
 -20.47819309036478
 -20.44566560344862
 -20.44826964588601
 -20.24577312374969
 -20.13065610121771
 -19.99529424827588
 -19.85477135992799
 -19.6194306174085
 -19.42634135973113
 -19.23559862690541
 -19.01864776279233
 -18.73972135432725
 -18.4980588382752
 -18.25784207344211
 -17.99781445148774
 -17.78744976940788
 -17.51414422686367
 -17.23178274835421
 -16.9997738834499
 -16.76050243259226
 -16.55461593335411
 -16.30117118910528
 -16.06936309785416
 -15.85758950053883
 -15.57428011485706
 -15.38636660704866
 -15.17270613244991
 -14.938403501734
 -14.74850547502677
 -14.52652089298946
 -14.38028270161288
 -14.13777022427368
 -13.9447156740164
 -13.79334144620376
 -13.59279414367637
 -13.4221678297477
 -13.2525303626069
 -13.0805760237975
 -12.93186325107637
# name: S11rad
# type: matrix
# rows: 401
# columns: 1
 -3.13792336246648
 3.097453054309077
 3.061939682369847
 3.026902701017622
 2.994163025147445
 2.960884016855486
 2.925233899234233
 2.89284067216548
 2.859292998086993
 2.825014583108091
 2.791875680055326
 2.757308843299236
 2.72460596602928
 2.691112964304568
 2.656424939654491
 2.622102344191882
 2.588661398685172
 2.555246077782254
 2.521179921904181
 2.486548719662168
 2.454630194634184
 2.421391571579186
 2.385701154087224
 2.352715907678114
 2.318580347477275
 2.285926332647089
 2.252810424159131
 2.21896971415529
 2.185586692898066
 2.151902574813689
 2.118585256010793
 2.085617823588894
 2.050624786878928
 2.017750098215768
 1.984915738545488
 1.950504873188914
 1.916192397672289
 1.883063982775254
 1.850029136282869
 1.815655358326816
 1.782726334984924
 1.748196441759844
 1.713641613550337
 1.680557896102425
 1.646769438763783
 1.614038353356313
 1.580161662748195
 1.544052490304611
 1.510851725840304
 1.476563484859226
 1.445110090229784
 1.413180365012584
 1.38001340866144
 1.346703887699608
 1.31265164316019
 1.277541853650286
 1.244281775254575
 1.210576001352632
 1.178570924057632
 1.144353558717311
 1.112875244139989
 1.077492348943166
 1.04363544896565
 1.007837123967815
 0.9758747653088744
 0.9428858322856954
 0.9061756817375397
 0.8715408181920203
 0.8369418940390682
 0.803406483538306
 0.7681760749537986
 0.7340672386099887
 0.6993471899913991
 0.6647927293711245
 0.6310484837177053
 0.5970602842122963
 0.562275534981147
 0.5285440616836735
 0.4945525466412307
 0.4597194410692202
 0.4234345413855758
 0.3894079595736892
 0.3571517655175089
 0.3217264786060581
 0.2872782216814518
 0.2531185104734818
 0.2169619130661908
 0.1816029536361153
 0.1451252007155668
 0.1098540909154665
 0.07830505049640764
 0.0430628210224146
 0.006111734025473652
 -0.03123515410774254
 -0.06737475618865017
 -0.1004975051345312
 -0.1358306487851397
 -0.1717629033514104
 -0.2079723994781079
 -0.242865873186234
 -0.280973399100507
 -0.3168209328105572
 -0.3524436670759556
 -0.3912873197025101
 -0.4275046832345299
 -0.4662298702585064
 -0.5037842542026193
 -0.5428132641497445
 -0.5775621815927897
 -0.6138115167697512
 -0.6491495119855577
 -0.6884268164202842
 -0.7283439810598902
 -0.761788035983471
 -0.8022922076240965
 -0.8376818227440348
 -0.8779008726621234
 -0.9162968169600132
 -0.9563068836257901
 -0.9947646340673787
 -1.032285828913961
 -1.069376179650562
 -1.105338519218017
 -1.144430297053969
 -1.185711547707463
 -1.222219604206841
 -1.26267738458446
 -1.300793504856464
 -1.336691209183611
 -1.37583234486005
 -1.415412667871507
 -1.454022907985726
 -1.492760220368743
 -1.527508979649168
 -1.567124570598828
 -1.609937463222656
 -1.643859039920145
 -1.687849906891725
 -1.723930256962531
 -1.75319992018272
 -1.792493986158097
 -1.828998314432484
 -1.863215052549669
 -1.901413903446649
 -1.932775255893773
 -1.972354293630496
 -1.990476297477659
 -2.022631337559817
 -2.038117680412745
 -2.069735569828584
 -2.092055240300728
 -2.109219810688874
 -2.114957887115018
 -2.127618118374127
 -2.12578973151459
 -2.106411857963668
 -2.074406873304579
 -2.052948633178658
 -1.997127391488741
 -1.925960342766759
 -1.820430330403581
 -1.72599951664021
 -1.60598190413429
 -1.481874659803008
 -1.378395258227838
 -1.304840450367426
 -1.235421140280641
 -1.195208700778354
 -1.160123213012191
 -1.132565385900782
 -1.127453781857347
 -1.124126114593523
 -1.139716608932482
 -1.159385419975668
 -1.175470590480737
 -1.204057271183256
 -1.237546166280858
 -1.27594768232243
 -1.311015262823736
 -1.355398215820005
 -1.394541530245358
 -1.435551279389737
 -1.486750775498034
 -1.531273831222239
 -1.581321721033546
 -1.630887648131347
 -1.683450847394768
 -1.735721876585605
 -1.789833979146072
 -1.837430948929503
 -1.888900610365115
 -1.93828042333568
 -1.994190745165653
 -2.046589811583846
 -2.094808305131765
 -2.149821011527864
 -2.200470056825757
 -2.257870376769777
 -2.312561335102164
 -2.360588200080137
 -2.414298609114131
 -2.474897691138905
 -2.523913883924081
 -2.583238949538889
 -2.637361188529872
 -2.691304249910515
 -2.743898923901235
 -2.809181272976404
 -2.866061930586135
 -2.919578601139414
 -2.9726768672373
 -3.030197068681604
 -3.085547349745417
 -3.140947996134465
 3.085021001594124
 3.031831736795039
 2.974998862837362
 2.920498479437693
 2.863591110376881
 2.811796432756845
 2.753281770792732
 2.692790362664131
 2.637811897596232
 2.577356058300142
 2.518264105382411
 2.463511036685801
 2.403431262138583
 2.342425045326586
 2.284694257863829
 2.223814783005951
 2.165377542805313
 2.106537729338579
 2.053238723409857
 1.99195775960228
 1.932015004070121
 1.874653812908348
 1.813308590189463
 1.751701363798766
 1.687897254237402
 1.632891085433665
 1.573811170600675
 1.514634345195243
 1.456016202626165
 1.393918258954217
 1.329454528912293
 1.270676063492571
 1.213155791320343
 1.149865176567002
 1.090495526506782
 1.028002152780419
 0.9639574872093863
 0.9090213859201389
 0.8526109894726023
 0.786736909099048
 0.727121189117049
 0.6692693689735242
 0.6099406479185541
 0.5553718904946257
 0.4872540235802743
 0.4305464756418093
 0.3751164092047143
 0.3112665344073668
 0.2453814690520705
 0.1850061101393639
 0.1330757298933173
 0.08080369478249827
 0.02216653634590962
 -0.04041178829641374
 -0.09554185042552585
 -0.1569579353803605
 -0.2085874008721377
 -0.2733185961745401
 -0.3258348220522416
 -0.3773121789370223
 -0.4357814193838193
 -0.4934985896241681
 -0.5579581890054673
 -0.6136125172210112
 -0.6603175447085271
 -0.7107683200972096
 -0.7606688644114173
 -0.811202692599037
 -0.8664087018232678
 -0.9194883834551285
 -0.9735409635080089
 -1.021532968157071
 -1.06683154617965
 -1.125450362966693
 -1.179120606067696
 -1.243313994472488
 -1.317678203742764
 -1.365228550543992
 -1.404700304095756
 -1.466871162164635
 -1.512879836284118
 -1.562827552144357
 -1.604885336912879
 -1.654083765741617
 -1.695638600749376
 -1.739471468679877
 -1.787867807595172
 -1.836672747960421
 -1.889573756268953
 -1.934078861183085
 -1.978868442484936
 -2.01853040432366
 -2.069995953261059
 -2.124815080619101
 -2.175696714504608
 -2.228414415861613
 -2.27760462773457
 -2.329154146992351
 -2.376837111234599
 -2.433494095136063
 -2.485789914886094
 -2.532355564365781
 -2.581728683407333
 -2.632880549525712
 -2.692488907780582
 -2.742699030045766
 -2.796835040887863
 -2.856078685765341
 -2.908943607751937
 -2.948633378935235
 -2.996568070271972
 -3.048598174664537
 -3.107356546588305
 3.119168019022956
 3.062374737967988
 3.007957513806275
 2.950613382766974
 2.892950200654784
 2.830376363839471
 2.770628081888499
 2.710540655092308
 2.655585147128041
 2.586921055599423
 2.518193184966129
 2.454961757164634
 2.394162391211943
 2.342429306891434
 2.298274713316439
 2.2464690367672
 2.185476070637169
 2.110544668494372
 2.031436017147407
 1.96114456897666
 1.881583616701947
 1.799061555670911
 1.715656223569267
 1.640861538247166
 1.558860210920646
 1.471390626946247
 1.376577695981132
 1.283764333528764
 1.203492936180925
 1.131324334664269
 1.034647590392908
 0.9442727445195189
 0.8638283373230791
 0.759614106255971
 0.6708837673270531
 0.5745143916433817
 0.4826349156264236
 0.3897597939632867
 0.2912053419060684
 0.2026117016820157
 0.108641832315102
 0.02390909392798712
 -0.06532874962205594
 -0.1543175426397191
 -0.2271605747443162
 -0.316963674820359
 -0.3943743515930809
 -0.4786156317598462
 -0.5640126804758432
 -0.6292749306024772
 -0.7078496781597762
 -0.7846041397223587
 -0.8444563171505987
 -0.917402762968463
 -0.9882541198187901
 -1.059741613591888
 -1.120454967987737
 -1.192519187879837
 -1.256496100050224
 -1.322910743823294
 -1.383833356617362
 -1.446633865800207
 -1.510682011696061
 -1.569727718281784
 -1.631741234667402
 -1.684587665070082
 -1.746349252475685
 -1.805156138961358
 -1.859360846211553
 -1.913394472426758
 -1.964272493121202
 -2.01023050426612
 -2.063260097578609
 -2.115478313639806
# name: SN1dB
# type: matrix
# rows: 401
# columns: 1
 -6.043871039686461
 -5.919506483615774
 -5.923465844624841
 -5.936478443349849
 -5.93465931540532
 -5.930877724857893
 -5.93462329717061
 -5.941022201922146
 -5.932764132477955
 -5.936812619092401
 -5.937796998800096
 -5.938063967722692
 -5.936738657434351
 -5.944944509741823
 -5.938195887318133
 -5.94481320544141
 -5.941354547646745
 -5.944852564865738
 -5.955943070367987
 -5.950216818808571
 -5.962753962363859
 -5.947928772278427
 -5.959107912118629
 -5.961977925953825
 -5.965506339967412
 -5.961942168734749
 -5.959386335323758
 -5.971472034611992
 -5.973210285637485
 -5.973560120703105
 -5.953067469974556
 -5.977328587922312
 -5.98004100017773
 -5.968638142506354
 -5.967231968355577
 -5.978560450821433
 -5.967165148093191
 -5.975526879130236
 -5.976775210899786
 -5.978749516315254
 -5.982152421813582
 -5.968260269430425
 -5.952645491949253
 -5.962397399915535
 -5.966986601210158
 -5.965637773619057
 -5.968654935414089
 -5.957781999941973
 -5.958118922472936
 -5.959990896833195
 -5.973520602081351
 -5.966904737737829
 -5.958439148759954
 -5.960347394518502
 -5.956839025696468
 -5.9345764491766
 -5.938360956787371
 -5.939177654025829
 -5.931029025146055
 -5.91420398528899
 -5.923628554098283
 -5.898529449791463
 -5.907741065285045
 -5.900562495890974
 -5.894170101944556
 -5.893959329959952
 -5.887514369409098
 -5.868744266736146
 -5.870164504146259
 -5.857623643231139
 -5.854910349591835
 -5.863285566003441
 -5.852733964897644
 -5.837836224850633
 -5.838866438407368
 -5.829175321128439
 -5.824778532892828
 -5.802546213766853
 -5.794336769272327
 -5.779359477854883
 -5.761028184610296
 -5.760531480339108
 -5.75982820990801
 -5.733234346110559
 -5.729007758117863
 -5.710130964442547
 -5.702910386685659
 -5.688406180958108
 -5.685657420921095
 -5.667155385086392
 -5.667620219029343
 -5.647169323970973
 -5.635014732982829
 -5.63029724383203
 -5.620781918511418
 -5.613719313782807
 -5.61350084111635
 -5.587850075999863
 -5.571552349475583
 -5.563996427169383
 -5.51845628759806
 -5.530459144646183
 -5.514735049104427
 -5.499640567344527
 -5.491777697616754
 -5.474412055356766
 -5.468830216286314
 -5.459985783242786
 -5.437656265429029
 -5.428578882946783
 -5.441728014443953
 -5.402231062399753
 -5.373184442474646
 -5.361111861637128
 -5.348576638790769
 -5.341749739871199
 -5.314356517596067
 -5.302828533142002
 -5.311368328751545
 -5.294656909275921
 -5.285645028618907
 -5.292579577868977
 -5.277004114104837
 -5.277326792501674
 -5.24158473915768
 -5.207383613787898
 -5.173804170945689
 -5.15372674765241
 -5.16870055623067
 -5.151747682361208
 -5.156137312416469
 -5.156771263118129
 -5.145289034671737
 -5.134901399418897
 -5.120219433591672
 -5.095898046960268
 -5.125555071487868
 -5.088981116166879
 -5.091114603516177
 -5.122075273866361
 -5.074353568091217
 -5.052842159264199
 -5.06821297338332
 -5.067606971501849
 -5.03131554852925
 -5.051810382123599
 -5.091266708184722
 -5.074886643949722
 -5.099723528811304
 -5.088584403399437
 -5.083938822535278
 -5.081121319788476
 -5.101890390706303
 -5.110942083726568
 -5.133310257601519
 -5.152347404540071
 -5.161213569585215
 -5.181993741397094
 -5.215183948604323
 -5.233267887016517
 -5.266280833153508
 -5.307163064237131
 -5.344442972783508
 -5.374369452678899
 -5.419390734433946
 -5.465504433789508
 -5.507597787378423
 -5.558850138232675
 -5.609107332816504
 -5.687317777914633
 -5.74461213705033
 -5.823768444337654
 -5.888018344245563
 -5.964520381083368
 -6.040110267207187
 -6.131123556584791
 -6.230889904065893
 -6.321899412483509
 -6.415718813183274
 -6.501010086317436
 -6.608064051390846
 -6.728408069436273
 -6.828686250744836
 -6.948703634479828
 -7.075252215776736
 -7.209787586568391
 -7.344736170729327
 -7.466204219254763
 -7.605882936430848
 -7.764869638143925
 -7.906420853948372
 -8.057644095749758
 -8.179009784493088
 -8.345741104462331
 -8.527136299168104
 -8.715947990765871
 -8.909410799041593
 -9.062704493201469
 -9.221378487740843
 -9.364626957379393
 -9.555670082565278
 -9.734749281169506
 -9.905675681690031
 -10.103119885286
 -10.29472814455929
 -10.50528250431067
 -10.69576294656544
 -10.89902878986185
 -11.07939965473456
 -11.28863929741544
 -11.47680124590651
 -11.66229296763351
 -11.85993118720997
 -12.05612014528368
 -12.24013102682965
 -12.44607548676349
 -12.63319767139072
 -12.86035479878645
 -13.09587695340955
 -13.2407688692762
 -13.44802639179646
 -13.6685231141431
 -13.87718843382278
 -14.11004897934571
 -14.32445018983224
 -14.49527107978436
 -14.68651463991799
 -14.93164805667197
 -15.20871791974499
 -15.44123457737521
 -15.64563694163257
 -15.86948016500414
 -16.14177816243691
 -16.39325019845045
 -16.59618633128673
 -16.79747016790412
 -17.01743896788216
 -17.26995487601712
 -17.5092127136483
 -17.76668010446975
 -18.03107309340232
 -18.29002008496753
 -18.5714806586556
 -18.74665477022381
 -18.90145629436759
 -19.15221386718238
 -19.49591513414571
 -19.86809279147423
 -20.04479768980205
 -20.2512456565595
 -20.50493215289949
 -20.82970704238007
 -21.04039632816907
 -21.35398741282618
 -21.64745869652671
 -21.95963046093332
 -22.23941287028818
 -22.56083346014218
 -22.8373240266937
 -23.0391047058446
 -23.41722105431207
 -23.79615468689761
 -24.07206923990359
 -24.38456761679724
 -24.72327073768733
 -25.13984348490858
 -25.49930144244174
 -25.79515124038379
 -26.19714689483327
 -26.6693826366561
 -26.93902677188335
 -27.40313493769958
 -27.8728012271109
 -28.21527029399501
 -28.87691808687471
 -29.23525468123027
 -29.6305942792121
 -30.35557551571487
 -30.76012041189033
 -31.3621269539962
 -32.01772634170101
 -32.6030308959654
 -33.32926916018538
 -34.08544272178494
 -34.91048866114297
 -35.57550757344582
 -36.5765142509117
 -37.66807837804008
 -38.56104428851572
 -39.76858800706412
 -41.18956927262695
 -42.59070982495295
 -43.23384286633703
 -44.4278111390243
 -43.81954400676727
 -43.87669205416934
 -43.32833604188096
 -41.53223398720993
 -40.19471000357119
 -39.44282966677658
 -38.41731163674218
 -37.29457570656687
 -36.22554928302869
 -35.42181081838854
 -34.82842970890299
 -34.1850588231612
 -33.47216320303809
 -32.98443554638496
 -32.43572672186529
 -31.74878008275059
 -31.31963422859766
 -30.6322494447239
 -30.29783115666543
 -29.82355413562128
 -29.34165708220696
 -29.0484031289658
 -28.63017695431697
 -28.17456012011788
 -27.9230300293198
 -27.52935343771867
 -27.29869712036918
 -26.89516295412428
 -26.48459946946716
 -26.34542078444207
 -25.89802586198447
 -25.72076602723871
 -25.49987700692331
 -25.2715961403757
 -25.01156320687307
 -24.67872034114942
 -24.40969317573916
 -24.06708589938362
 -23.77103965576528
 -23.48665268697043
 -23.20853424158978
 -22.92178621329312
 -22.78361367962558
 -22.50455720611028
 -22.20842146238768
 -22.0107446759425
 -21.74190402934439
 -21.47069364254963
 -21.33311281502909
 -21.13313025991013
 -20.93066683897074
 -20.72418598062865
 -20.54747422677307
 -20.36993623626646
 -20.2671621282569
 -20.07192353077719
 -19.97211950903267
 -19.70292656172559
 -19.37771987552082
 -19.06101476632138
 -18.82229401948378
 -18.49237191523604
 -18.30128271734728
 -18.09224574342404
 -17.90073231051374
 -17.71688514014818
 -17.56130505751135
 -17.35684112374799
 -17.08744348596568
 -16.93946742168671
 -16.74199400324284
 -16.44042822243187
 -16.25138609898335
 -16.092208712532
 -15.90133992400629
 -15.69936460502938
 -15.50631836596909
 -15.27290990221734
 -15.15325764618001
 -14.98131125951983
 -14.74764552491122
 -14.56190215616643
 -14.32208540351718
 -14.0974402088681
 -13.9342097836419
 -13.66257172445664
 -13.51386792708365
 -13.3310714604073
 -13.14957832647573
 -12.96517080890335
 -12.81102019249367
 -12.64950256570782
 -12.486366372932
 -12.31434797122104
 -12.18625168115901
 -12.03537557109616
 -11.82034472822602
 -11.58358445569298
 -11.37594463172423
 -11.1711500515869
 -10.97567843428513
 -10.82913900906739
 -10.78652744583107
 -10.66385330900206
 -10.51658729588831
 -10.30034136812923
 -10.12462768332758
# name: SN1rad
# type: matrix
# rows: 401
# columns: 1
 0.002969910652015282
 -0.02911610524790929
 -0.06715997994003416
 -0.108062985089928
 -0.1473449655658269
 -0.1849691040404738
 -0.2248621345387823
 -0.2643903491278809
 -0.3050713142668852
 -0.3444940112797105
 -0.3821411788652617
 -0.4207881743152653
 -0.4614383393167777
 -0.5006443918847838
 -0.5403016040693926
 -0.5792813749037101
 -0.6196926483989789
 -0.6583809322136183
 -0.6968336935534514
 -0.7376679995317614
 -0.7762694738183564
 -0.8146794928605602
 -0.8544586540890364
 -0.8934570667485076
 -0.9319794294127391
 -0.9713239958316775
 -1.009871286401778
 -1.048951142467044
 -1.088686619028899
 -1.127170421834354
 -1.165664807847599
 -1.204357886451143
 -1.242575632167157
 -1.280783888797306
 -1.318708074972098
 -1.3575648542773
 -1.398215198297832
 -1.437322333008181
 -1.473328313361119
 -1.513484013595392
 -1.551333135967108
 -1.591993805905929
 -1.632116030638804
 -1.671192435805027
 -1.710489509833884
 -1.749061584278303
 -1.788144064377131
 -1.826224893022082
 -1.865965681503312
 -1.904638542691174
 -1.943314339852165
 -1.981792288732721
 -2.019370508431982
 -2.060067254504965
 -2.099416263569342
 -2.139283419616705
 -2.176730294795829
 -2.217790544109576
 -2.257362885558934
 -2.294234396879801
 -2.332820416791763
 -2.37445339709224
 -2.412653251702776
 -2.453114855940435
 -2.491012873852023
 -2.529774796192463
 -2.568428813568306
 -2.609841582106876
 -2.648163041180653
 -2.689728043016781
 -2.729854774019008
 -2.770299354932511
 -2.80673062894578
 -2.848342438679879
 -2.886309984042281
 -2.925510664173046
 -2.964332171449771
 -3.001960776268787
 -3.042179160776716
 -3.085222328080174
 -3.123039958881758
 3.119553285018708
 3.079035609589461
 3.037959774104236
 2.999115522044232
 2.959128459428554
 2.918277238820491
 2.874653467847329
 2.830709463797201
 2.794827424795168
 2.757694285515329
 2.717166867599318
 2.673224736654742
 2.63161230637233
 2.591764318516757
 2.551580239226422
 2.511928829230426
 2.465994978809315
 2.428685061173042
 2.391960841230304
 2.3502213399496
 2.309778397976344
 2.267240684433315
 2.224859568799583
 2.182451619257921
 2.14252289476252
 2.098223499887244
 2.05634619566725
 2.016298755872425
 1.96423140288277
 1.926370170542864
 1.888274299002757
 1.846308953438676
 1.805363298825775
 1.760687992303387
 1.718042483387022
 1.673864255985837
 1.632378852349614
 1.588052526340634
 1.546791134422717
 1.504987054682064
 1.46268087429521
 1.414052133030809
 1.372960048631457
 1.328663795911271
 1.282631644637512
 1.236472076749515
 1.193129785499043
 1.149171331698644
 1.105813394407465
 1.062319472976808
 1.020382354691475
 0.972352781554755
 0.928186715807245
 0.8775563234608276
 0.82912132195747
 0.7901171495063698
 0.7406124190672816
 0.6992275056160799
 0.6571720355354345
 0.6028031593116242
 0.5522347025289037
 0.5064019960820206
 0.4598205092454011
 0.409842768739017
 0.3611485677367325
 0.3219017172126202
 0.2701387058913183
 0.2246000910897994
 0.1707450645960204
 0.1191424368520621
 0.07238342093926342
 0.02737811894773651
 -0.02373619074247802
 -0.07431458804312932
 -0.1232276997764076
 -0.1727734052630797
 -0.2255598393998946
 -0.2774811259324048
 -0.3336030168500693
 -0.3855655235389132
 -0.4329641497033368
 -0.4849450733961593
 -0.5409563300573293
 -0.590239691120786
 -0.6432497002540678
 -0.6953304000346793
 -0.7488009163657836
 -0.8045546755632897
 -0.8522665275271742
 -0.8991492590359539
 -0.9515700822723169
 -1.008104751651346
 -1.064759747179931
 -1.113771654016502
 -1.17111582863335
 -1.226642168156741
 -1.276176608927888
 -1.326978144051186
 -1.377637974742841
 -1.432928465853213
 -1.485711178372551
 -1.538944140615366
 -1.594136336532528
 -1.645841053572182
 -1.698421907251984
 -1.746188491787058
 -1.797828564460269
 -1.853401920862252
 -1.906081426348429
 -1.954634820524418
 -2.005186328586322
 -2.054773620704818
 -2.103898965381425
 -2.151002417671304
 -2.206220067713878
 -2.266513806909138
 -2.318359210971462
 -2.368246188437343
 -2.409385554203197
 -2.456040297041448
 -2.502475154327241
 -2.551083593930354
 -2.593897606773333
 -2.636503274155228
 -2.68140156631347
 -2.728860685184638
 -2.775835178445351
 -2.821826381738922
 -2.868264571371735
 -2.911318073601791
 -2.956217558114423
 -2.999652996209782
 -3.036270815601671
 -3.0796653859814
 -3.119511826649576
 3.120566015495667
 3.08254791909354
 3.039117044413511
 2.985018280240542
 2.945123634754748
 2.902557374128781
 2.864029390270195
 2.823699167202654
 2.779099761342436
 2.741278659805999
 2.702677299622779
 2.671736561872927
 2.634805834360162
 2.591346481247193
 2.551873925686174
 2.513519203139604
 2.474862142167596
 2.436162977091529
 2.391223499887977
 2.353773661078608
 2.316002051916346
 2.282613481511425
 2.249518684824764
 2.209696123414786
 2.183311707179162
 2.145882808840145
 2.10294678144296
 2.052556036844014
 2.010197567772407
 1.980638472177465
 1.964830157486347
 1.936760814028113
 1.882680573587689
 1.85038788340689
 1.827181179047869
 1.791411663833514
 1.759088912785407
 1.726911051678407
 1.686578121616187
 1.645280051413233
 1.615783577192097
 1.586127806049021
 1.556699115536599
 1.511882543485582
 1.485956655519379
 1.462099602015646
 1.416345256780561
 1.383301099005072
 1.354456072147048
 1.326047769179403
 1.303285171175221
 1.270593419784295
 1.231427516594239
 1.216914773494654
 1.186323641346317
 1.166864338020147
 1.134942900208659
 1.098385396636447
 1.080700064183251
 1.049189861569356
 1.026465216261341
 0.9877378136461089
 0.971085089163556
 0.9719459294464772
 0.9478075510698106
 0.9434808793600251
 0.9222901934870511
 0.9434944860722732
 0.9038924027362097
 0.9233114865371741
 0.9478388582402156
 0.9684308583795067
 1.062910047724936
 1.135983827739783
 1.216657603144542
 1.370634378988914
 1.504659434859015
 1.639605535898636
 1.909623536046326
 2.137561137482056
 2.389634777762127
 2.393745973394366
 2.507466702211862
 2.532668042175357
 2.61551819025861
 2.640688375607429
 2.629089891155087
 2.66461101598135
 2.68112183036785
 2.680232400816706
 2.683107609575998
 2.657374933598808
 2.667244599521519
 2.648227302611586
 2.626781861373052
 2.598631823448803
 2.595502308481112
 2.57082917306681
 2.543162640717481
 2.516168626661602
 2.490792562065523
 2.474663155008392
 2.453678164602385
 2.41681979352304
 2.393058640260193
 2.370094410649013
 2.344556578509146
 2.307848698550625
 2.297734588248338
 2.285368759808448
 2.286367680847154
 2.262227666978608
 2.195520463819951
 2.107737537799553
 2.04647592548993
 1.998873082392045
 1.989015954322746
 1.976618909956046
 1.950261587002034
 1.920809968539499
 1.898707620623099
 1.86140980051334
 1.841136375604446
 1.824458854157846
 1.800764098790018
 1.796215502903737
 1.793649652379008
 1.78034533694154
 1.75354170630616
 1.709487436461889
 1.67747003293115
 1.66445196401317
 1.641751476098294
 1.601277565556885
 1.549615933449984
 1.490387687468191
 1.42821367030854
 1.365378531574543
 1.315111426016473
 1.298035823156105
 1.279846799506782
 1.25286374055251
 1.225514427596998
 1.202739339288605
 1.170687604499649
 1.12872987613326
 1.095082768565624
 1.058044199175715
 1.015429477947367
 0.9782844046535786
 0.9416849308216311
 0.8979819666228867
 0.8652941056616347
 0.8286903097328853
 0.7959064326399697
 0.7498645416168108
 0.7123877230182446
 0.6709989530799455
 0.6271645747173751
 0.5929778860767839
 0.5578009937531003
 0.5235700669096551
 0.4884342410941456
 0.4403458858681866
 0.4019872089393731
 0.37229215821677
 0.3299926941329393
 0.2851533916009872
 0.2376262987340284
 0.1928416139731114
 0.1484964713990887
 0.1059512240450736
 0.06364222368828691
 0.01803676014291781
 -0.03295362600295636
 -0.08628463539637234
 -0.1311803145414512
 -0.1757993272840513
 -0.2209143654225
 -0.2620823710855086
 -0.2932696468329085
 -0.3309670355097784
 -0.3688229023240374
 -0.4179441356112307
 -0.4682700722254645
# name: S11
# type: complex matrix
# rows: 401
# columns: 1
 (-0.500961,-0.00183818)
 (-0.495652,0.0218921)
 (-0.49398,0.0394304)
 (-0.491146,0.0565778)
 (-0.488629,0.0725649)
 (-0.485586,0.0887174)
 (-0.48204,0.105952)
 (-0.477952,0.121406)
 (-0.473508,0.137339)
 (-0.467985,0.15331)
 (-0.46268,0.168743)
 (-0.456195,0.18448)
 (-0.45013,0.199391)
 (-0.442544,0.214035)
 (-0.434405,0.229017)
 (-0.425748,0.243479)
 (-0.4176,0.25772)
 (-0.408191,0.271152)
 (-0.398623,0.284829)
 (-0.387958,0.298027)
 (-0.377775,0.309867)
 (-0.367461,0.322419)
 (-0.355139,0.334776)
 (-0.343337,0.345734)
 (-0.330994,0.35688)
 (-0.319027,0.367336)
 (-0.306418,0.377363)
 (-0.293398,0.387413)
 (-0.279766,0.396228)
 (-0.265942,0.404936)
 (-0.252411,0.413743)
 (-0.237829,0.420411)
 (-0.223031,0.428582)
 (-0.20888,0.435799)
 (-0.193953,0.441266)
 (-0.178404,0.447044)
 (-0.162803,0.452457)
 (-0.147538,0.457015)
 (-0.1321,0.460722)
 (-0.115987,0.464184)
 (-0.100526,0.467213)
 (-0.08433019999999999,0.47037)
 (-0.067942,0.472394)
 (-0.0520919,0.472684)
 (-0.0360705,0.473866)
 (-0.0204729,0.473154)
 (-0.00442836,0.472832)
 (0.0126364,0.472385)
 (0.0282173,0.470159)
 (0.0441712,0.467357)
 (0.058737,0.464867)
 (0.07345640000000001,0.462181)
 (0.0887491,0.459526)
 (0.103738,0.45515)
 (0.119006,0.450719)
 (0.134598,0.445747)
 (0.148864,0.4396)
 (0.163123,0.433084)
 (0.176521,0.426731)
 (0.190691,0.419726)
 (0.203213,0.412312)
 (0.217272,0.404122)
 (0.2303,0.39563)
 (0.243237,0.38543)
 (0.254381,0.37591)
 (0.265738,0.366071)
 (0.278083,0.354908)
 (0.28898,0.343608)
 (0.299454,0.332032)
 (0.309314,0.32066)
 (0.319097,0.308291)
 (0.328217,0.29614)
 (0.336832,0.283334)
 (0.34522,0.270588)
 (0.352925,0.25789)
 (0.360577,0.245131)
 (0.367142,0.231345)
 (0.373659,0.218203)
 (0.379425,0.204605)
 (0.384646,0.190438)
 (0.389835,0.175698)
 (0.392801,0.161191)
 (0.396246,0.147861)
 (0.398744,0.132904)
 (0.401014,0.11848)
 (0.402704,0.104166)
 (0.40318,0.0888736)
 (0.403183,0.0740349)
 (0.402945,0.0588915)
 (0.401995,0.0443393)
 (0.402057,0.0315476)
 (0.398717,0.0171805)
 (0.395796,0.00241903)
 (0.392302,-0.0122576)
 (0.387672,-0.0261589)
 (0.384491,-0.038771)
 (0.380157,-0.0519569)
 (0.375071,-0.06506439999999999)
 (0.36966,-0.07800700000000001)
 (0.363937,-0.0901677)
 (0.357609,-0.103209)
 (0.349949,-0.114736)
 (0.342425,-0.125944)
 (0.333425,-0.137558)
 (0.324108,-0.147665)
 (0.315284,-0.158661)
 (0.306317,-0.16885)
 (0.295564,-0.178302)
 (0.28584,-0.186279)
 (0.275728,-0.19428)
 (0.265534,-0.201504)
 (0.254059,-0.209013)
 (0.242198,-0.216026)
 (0.231147,-0.220482)
 (0.218637,-0.226152)
 (0.207665,-0.2306)
 (0.195231,-0.235157)
 (0.183146,-0.23868)
 (0.170544,-0.241693)
 (0.158536,-0.244085)
 (0.146652,-0.245481)
 (0.135136,-0.246532)
 (0.123415,-0.245717)
 (0.111662,-0.245827)
 (0.09941949999999999,-0.245286)
 (0.0884392,-0.243355)
 (0.0767573,-0.241182)
 (0.06607590000000001,-0.238747)
 (0.0560964,-0.235227)
 (0.0457271,-0.231562)
 (0.0357124,-0.227981)
 (0.0261318,-0.222764)
 (0.0169905,-0.217284)
 (0.009137910000000001,-0.210967)
 (0.000749787,-0.204203)
 (-0.00778449,-0.198781)
 (-0.0140786,-0.192349)
 (-0.0217553,-0.185008)
 (-0.0273797,-0.177396)
 (-0.0313577,-0.170003)
 (-0.0365966,-0.162361)
 (-0.0408289,-0.154598)
 (-0.0441753,-0.146738)
 (-0.047537,-0.138505)
 (-0.0496682,-0.131167)
 (-0.0522003,-0.122931)
 (-0.0514295,-0.115264)
 (-0.05212,-0.107393)
 (-0.0509026,-0.100877)
 (-0.0508138,-0.093249)
 (-0.0495402,-0.08627170000000001)
 (-0.0476846,-0.07983510000000001)
 (-0.0445722,-0.0736608)
 (-0.042105,-0.06763520000000001)
 (-0.0389495,-0.06282210000000001)
 (-0.0344412,-0.0580321)
 (-0.0299588,-0.0543717)
 (-0.0260783,-0.0498296)
 (-0.0215786,-0.0475103)
 (-0.0168584,-0.0454537)
 (-0.011217,-0.0439965)
 (-0.00669832,-0.0428113)
 (-0.0015056,-0.0427726)
 (0.00383951,-0.0430647)
 (0.008529190000000001,-0.0437819)
 (0.0123598,-0.0453722)
 (0.0167856,-0.0481595)
 (0.0200802,-0.0509255)
 (0.0236014,-0.0542023)
 (0.0271812,-0.0580025)
 (0.0298135,-0.0627824)
 (0.032193,-0.0672151)
 (0.0333031,-0.0724093)
 (0.0336465,-0.07711610000000001)
 (0.0344824,-0.08263330000000001)
 (0.0340291,-0.08859060000000001)
 (0.0326683,-0.09437329999999999)
 (0.030453,-0.100273)
 (0.0280028,-0.105358)
 (0.0242842,-0.110992)
 (0.0207782,-0.116664)
 (0.0164819,-0.121123)
 (0.0106492,-0.126409)
 (0.00515456,-0.130353)
 (-0.00140355,-0.133344)
 (-0.00820038,-0.136301)
 (-0.0157931,-0.139597)
 (-0.0234432,-0.140853)
 (-0.0315455,-0.141708)
 (-0.0389793,-0.142709)
 (-0.0469428,-0.142559)
 (-0.0546702,-0.142011)
 (-0.06325459999999999,-0.140363)
 (-0.07147340000000001,-0.138709)
 (-0.078887,-0.136506)
 (-0.08725090000000001,-0.133457)
 (-0.0943185,-0.129449)
 (-0.101766,-0.12404)
 (-0.10907,-0.119029)
 (-0.115327,-0.114318)
 (-0.121362,-0.108019)
 (-0.127966,-0.100695)
 (-0.13276,-0.0943141)
 (-0.137701,-0.0860161)
 (-0.14274,-0.0787653)
 (-0.14627,-0.07070849999999999)
 (-0.149218,-0.06268310000000001)
 (-0.152377,-0.0526038)
 (-0.154743,-0.0437492)
 (-0.156432,-0.0353122)
 (-0.158338,-0.0270031)
 (-0.15904,-0.01779)
 (-0.159122,-0.00892739)
 (-0.158298,-0.000102048)
 (-0.1568,0.00887991)
 (-0.154932,0.0170741)
 (-0.153427,0.0257991)
 (-0.150816,0.0338987)
 (-0.147986,0.042234)
 (-0.144376,0.0494195)
 (-0.139147,0.0569225)
 (-0.135615,0.0653093)
 (-0.129974,0.0716445)
 (-0.124842,0.07900840000000001)
 (-0.119202,0.08569980000000001)
 (-0.113172,0.0911593)
 (-0.106935,0.0972813)
 (-0.09994210000000001,0.102733)
 (-0.09326379999999999,0.107654)
 (-0.0853578,0.111582)
 (-0.0783634,0.115886)
 (-0.07114189999999999,0.119837)
 (-0.0642881,0.122753)
 (-0.0560818,0.125192)
 (-0.0482512,0.127718)
 (-0.040465,0.129047)
 (-0.0323473,0.130759)
 (-0.0241586,0.132083)
 (-0.0156293,0.132858)
 (-0.00828714,0.133288)
 (-0.000400074,0.132701)
 (0.00739836,0.131594)
 (0.0149127,0.129353)
 (0.0229156,0.128202)
 (0.0310298,0.126066)
 (0.0382258,0.123521)
 (0.0450711,0.120604)
 (0.0522951,0.116811)
 (0.0590426,0.113327)
 (0.0658412,0.109147)
 (0.0723895,0.104274)
 (0.0777328,0.0997914)
 (0.08329839999999999,0.09532210000000001)
 (0.089255,0.0894943)
 (0.09442780000000001,0.0840168)
 (0.0989416,0.0782693)
 (0.104662,0.073141)
 (0.10751,0.0667122)
 (0.112606,0.0596661)
 (0.115167,0.0528942)
 (0.118449,0.0466406)
 (0.1209,0.0388965)
 (0.123007,0.0308044)
 (0.124811,0.0233579)
 (0.126885,0.0169857)
 (0.127161,0.0102975)
 (0.128156,0.00284124)
 (0.128538,-0.00519728)
 (0.128289,-0.0122944)
 (0.128552,-0.0203446)
 (0.126846,-0.026849)
 (0.126265,-0.0353964)
 (0.124596,-0.0420982)
 (0.122306,-0.0484698)
 (0.120639,-0.056174)
 (0.117697,-0.06330810000000001)
 (0.113245,-0.0706772)
 (0.109544,-0.0771529)
 (0.107042,-0.0831303)
 (0.102554,-0.08828519999999999)
 (0.09883450000000001,-0.0940633)
 (0.0945249,-0.0995336)
 (0.089003,-0.104732)
 (0.0834099,-0.109423)
 (0.0776399,-0.114157)
 (0.072446,-0.118358)
 (0.0667754,-0.121088)
 (0.0602278,-0.126177)
 (0.0540294,-0.130817)
 (0.0455071,-0.133957)
 (0.0357867,-0.138351)
 (0.0295115,-0.141533)
 (0.0237622,-0.141745)
 (0.0150767,-0.14455)
 (0.008405670000000001,-0.144972)
 (0.00115929,-0.145476)
 (-0.00496617,-0.145626)
 (-0.0122006,-0.146149)
 (-0.0182186,-0.145174)
 (-0.0245711,-0.144287)
 (-0.0313992,-0.14237)
 (-0.038283,-0.140579)
 (-0.045835,-0.13888)
 (-0.0520592,-0.136942)
 (-0.0579631,-0.134068)
 (-0.0630365,-0.131254)
 (-0.0696618,-0.127758)
 (-0.07637770000000001,-0.123459)
 (-0.0825312,-0.119376)
 (-0.0878679,-0.113775)
 (-0.0937993,-0.109836)
 (-0.0994593,-0.104989)
 (-0.104064,-0.099854)
 (-0.109195,-0.0934958)
 (-0.113959,-0.0876802)
 (-0.117548,-0.0820231)
 (-0.12136,-0.0760636)
 (-0.1245,-0.0694298)
 (-0.127918,-0.0616501)
 (-0.130793,-0.0551279)
 (-0.132967,-0.0477483)
 (-0.135071,-0.0396479)
 (-0.136188,-0.0322683)
 (-0.136387,-0.0266487)
 (-0.136656,-0.0199586)
 (-0.136287,-0.0127106)
 (-0.135148,-0.00462875)
 (-0.134591,0.00301866)
 (-0.133256,0.0105784)
 (-0.130368,0.0175262)
 (-0.128037,0.0247541)
 (-0.125322,0.0318188)
 (-0.121537,0.0390947)
 (-0.116816,0.0454383)
 (-0.113614,0.0522505)
 (-0.109382,0.0577833)
 (-0.103737,0.06427040000000001)
 (-0.0981123,0.070548)
 (-0.0925328,0.075848)
 (-0.0865832,0.080246)
 (-0.0814539,0.0837278)
 (-0.0762463,0.0856328)
 (-0.0706011,0.08808299999999999)
 (-0.0640376,0.0907167)
 (-0.0563757,0.09410259999999999)
 (-0.0477375,0.0961973)
 (-0.0403462,0.0980557)
 (-0.0317812,0.09894650000000001)
 (-0.0230869,0.09937790000000001)
 (-0.014566,0.09984800000000001)
 (-0.00694279,0.09892819999999999)
 (0.00117615,0.09853240000000001)
 (0.00961761,0.0964322)
 (0.0185444,0.0942785)
 (0.0268827,0.0910712)
 (0.0343674,0.0893207)
 (0.0404028,0.0859386)
 (0.0478325,0.0804981)
 (0.0545436,0.0753569)
 (0.0607276,0.0710871)
 (0.0678304,0.0644197)
 (0.0730186,0.0579544)
 (0.07944900000000001,0.0514318)
 (0.08414729999999999,0.0440902)
 (0.0878473,0.0360854)
 (0.0931174,0.0279097)
 (0.09649199999999999,0.0198224)
 (0.09946430000000001,0.0108487)
 (0.101657,0.00243099)
 (0.104256,-0.00682062)
 (0.105558,-0.01642)
 (0.106394,-0.024593)
 (0.106384,-0.0348964)
 (0.10674,-0.0444228)
 (0.105519,-0.0547488)
 (0.103282,-0.0653314)
 (0.101804,-0.07411379999999999)
 (0.0980178,-0.08388329999999999)
 (0.09421549999999999,-0.094066)
 (0.0913417,-0.102822)
 (0.08586820000000001,-0.112162)
 (0.0798831,-0.121254)
 (0.0727218,-0.129688)
 (0.0666351,-0.137825)
 (0.0580677,-0.146113)
 (0.0498071,-0.153217)
 (0.0408395,-0.161363)
 (0.0316158,-0.167127)
 (0.0215893,-0.172985)
 (0.0107596,-0.17877)
 (0.000195611,-0.183052)
 (-0.0114378,-0.187442)
 (-0.0216849,-0.189744)
 (-0.0342994,-0.193368)
 (-0.0466299,-0.195311)
 (-0.0581476,-0.195882)
 (-0.0702451,-0.196951)
 (-0.08176079999999999,-0.196955)
 (-0.0925122,-0.196797)
 (-0.104869,-0.195448)
 (-0.116912,-0.192984)
# name: SN1
# type: complex matrix
# rows: 401
# columns: 1
 (0.49866,0.00148098)
 (0.5056389999999999,-0.0147264)
 (0.504483,-0.0339321)
 (0.501921,-0.0544512)
 (0.4995,-0.0741361)
 (0.496574,-0.09291290000000001)
 (0.492261,-0.112595)
 (0.487068,-0.131863)
 (0.48176,-0.151707)
 (0.475185,-0.170497)
 (0.468378,-0.18824)
 (0.460741,-0.20619)
 (0.45205,-0.224778)
 (0.442474,-0.242095)
 (0.432864,-0.259649)
 (0.422095,-0.27611)
 (0.410759,-0.293054)
 (0.398956,-0.308598)
 (0.386304,-0.323294)
 (0.37303,-0.339018)
 (0.35915,-0.352652)
 (0.345933,-0.366809)
 (0.330646,-0.379787)
 (0.315483,-0.39226)
 (0.30002,-0.403955)
 (0.284015,-0.415614)
 (0.267866,-0.426376)
 (0.250654,-0.435909)
 (0.233093,-0.445433)
 (0.215774,-0.454053)
 (0.198608,-0.463112)
 (0.180041,-0.469136)
 (0.161934,-0.475524)
 (0.14384,-0.481995)
 (0.125482,-0.487181)
 (0.106323,-0.491047)
 (0.0863927,-0.495612)
 (0.06688520000000001,-0.498131)
 (0.048903,-0.500144)
 (0.0287788,-0.50159)
 (0.009774150000000001,-0.502123)
 (-0.010662,-0.5029090000000001)
 (-0.0308813,-0.50298)
 (-0.0504507,-0.500827)
 (-0.07005069999999999,-0.498195)
 (-0.0892241,-0.4952)
 (-0.108467,-0.491165)
 (-0.127247,-0.487289)
 (-0.146501,-0.48183)
 (-0.164985,-0.475703)
 (-0.18297,-0.468238)
 (-0.201,-0.461204)
 (-0.218398,-0.453769)
 (-0.236627,-0.44441)
 (-0.254029,-0.434933)
 (-0.271858,-0.425552)
 (-0.287474,-0.414895)
 (-0.304234,-0.402707)
 (-0.320228,-0.390722)
 (-0.335062,-0.379386)
 (-0.349069,-0.365781)
 (-0.365044,-0.351951)
 (-0.377818,-0.337395)
 (-0.39148,-0.322102)
 (-0.4037,-0.307264)
 (-0.415314,-0.291396)
 (-0.426581,-0.275333)
 (-0.438561,-0.257993)
 (-0.44805,-0.240962)
 (-0.458337,-0.222457)
 (-0.467038,-0.203955)
 (-0.474445,-0.184726)
 (-0.481443,-0.167526)
 (-0.488833,-0.147606)
 (-0.494025,-0.128929)
 (-0.499255,-0.109591)
 (-0.503387,-0.0901771)
 (-0.507721,-0.0713584)
 (-0.5106619999999999,-0.0509346)
 (-0.513265,-0.0289636)
 (-0.515079,-0.0095572)
 (-0.515072,0.0113537)
 (-0.514231,0.0322108)
 (-0.514046,0.0534636)
 (-0.511831,0.07342170000000001)
 (-0.509593,0.0940283)
 (-0.505748,0.114857)
 (-0.501094,0.137032)
 (-0.494747,0.158963)
 (-0.489768,0.176986)
 (-0.482834,0.195036)
 (-0.475654,0.214944)
 (-0.466405,0.235961)
 (-0.456433,0.255298)
 (-0.446389,0.273578)
 (-0.435392,0.291527)
 (-0.423504,0.308565)
 (-0.410098,0.328655)
 (-0.3983,0.344369)
 (-0.385723,0.359073)
 (-0.372351,0.376826)
 (-0.356318,0.391032)
 (-0.339982,0.406566)
 (-0.323012,0.421337)
 (-0.305135,0.435046)
 (-0.288101,0.447774)
 (-0.268161,0.460389)
 (-0.248905,0.471692)
 (-0.230412,0.482518)
 (-0.205202,0.494372)
 (-0.18606,0.501026)
 (-0.167603,0.510063)
 (-0.146546,0.5183759999999999)
 (-0.125378,0.5246690000000001)
 (-0.101968,0.53051)
 (-0.0793206,0.534795)
 (-0.0558003,0.539475)
 (-0.0334227,0.542044)
 (-0.009361710000000001,0.542459)
 (0.0130476,0.543428)
 (0.0357842,0.542971)
 (0.0586695,0.54054)
 (0.0850279,0.538013)
 (0.107054,0.534046)
 (0.131136,0.530962)
 (0.156043,0.526434)
 (0.180866,0.520682)
 (0.203727,0.5135420000000001)
 (0.225708,0.503225)
 (0.247791,0.493932)
 (0.268897,0.482447)
 (0.288866,0.470715)
 (0.311544,0.456907)
 (0.33181,0.443236)
 (0.354415,0.426596)
 (0.375704,0.410083)
 (0.390075,0.393774)
 (0.410809,0.375567)
 (0.425891,0.358161)
 (0.439005,0.338729)
 (0.45928,0.316104)
 (0.475848,0.29321)
 (0.487918,0.270621)
 (0.5000250000000001,0.247625)
 (0.513914,0.223267)
 (0.522937,0.197521)
 (0.527881,0.176049)
 (0.537295,0.148781)
 (0.541959,0.123813)
 (0.5485409999999999,0.0945816)
 (0.5529849999999999,0.06619750000000001)
 (0.555655,0.0402906)
 (0.555575,0.0152144)
 (0.555048,-0.0131772)
 (0.552248,-0.0411158)
 (0.548374,-0.06791899999999999)
 (0.543782,-0.0948972)
 (0.536732,-0.123161)
 (0.527597,-0.150275)
 (0.517259,-0.179259)
 (0.5053260000000001,-0.205102)
 (0.492716,-0.22774)
 (0.478161,-0.251949)
 (0.461713,-0.277365)
 (0.445175,-0.298224)
 (0.426478,-0.319691)
 (0.407279,-0.339808)
 (0.38625,-0.358965)
 (0.363537,-0.377739)
 (0.342014,-0.39111)
 (0.321183,-0.404035)
 (0.296854,-0.416496)
 (0.270835,-0.429416)
 (0.243927,-0.440169)
 (0.220145,-0.447678)
 (0.192102,-0.454769)
 (0.164665,-0.459422)
 (0.140238,-0.462144)
 (0.115337,-0.463634)
 (0.0908153,-0.464298)
 (0.0642219,-0.462867)
 (0.039166,-0.459204)
 (0.0145088,-0.45535)
 (-0.0104864,-0.449207)
 (-0.0332009,-0.441584)
 (-0.0554969,-0.432478)
 (-0.0749108,-0.422716)
 (-0.0952884,-0.412477)
 (-0.116169,-0.400062)
 (-0.134587,-0.386255)
 (-0.150699,-0.373137)
 (-0.166438,-0.358745)
 (-0.181462,-0.345197)
 (-0.194426,-0.329484)
 (-0.20539,-0.313351)
 (-0.217589,-0.295054)
 (-0.229797,-0.275208)
 (-0.239486,-0.25833)
 (-0.247507,-0.241612)
 (-0.253027,-0.227446)
 (-0.25763,-0.210712)
 (-0.261682,-0.194475)
 (-0.265545,-0.177993)
 (-0.266786,-0.162723)
 (-0.267508,-0.147913)
 (-0.267318,-0.132506)
 (-0.267375,-0.117079)
 (-0.266273,-0.10198)
 (-0.265117,-0.0877882)
 (-0.262506,-0.07359209999999999)
 (-0.259742,-0.0608921)
 (-0.256673,-0.0481334)
 (-0.252705,-0.0361117)
 (-0.248188,-0.0262367)
 (-0.243871,-0.0151216)
 (-0.238556,-0.00526837)
 (-0.233477,0.00490996)
 (-0.227104,0.0134249)
 (-0.220253,0.0226499)
 (-0.215088,0.0339552)
 (-0.208527,0.0415045)
 (-0.201394,0.0490786)
 (-0.194622,0.0554513)
 (-0.187143,0.06158)
 (-0.17972,0.0681591)
 (-0.173567,0.0734472)
 (-0.166888,0.0783466)
 (-0.15981,0.0811491)
 (-0.151785,0.08426309999999999)
 (-0.144072,0.0883801)
 (-0.137205,0.0918105)
 (-0.130185,0.0945362)
 (-0.122532,0.0964261)
 (-0.115322,0.0982097)
 (-0.108235,0.100906)
 (-0.10199,0.102485)
 (-0.09559529999999999,0.103606)
 (-0.08944489999999999,0.103681)
 (-0.0836296,0.103688)
 (-0.07711519999999999,0.103812)
 (-0.07212060000000001,0.102638)
 (-0.0662253,0.102173)
 (-0.0598089,0.101576)
 (-0.0535262,0.102374)
 (-0.048275,0.102702)
 (-0.0439318,0.101122)
 (-0.0406856,0.0978541)
 (-0.0363326,0.0948068)
 (-0.0305274,0.0946861)
 (-0.0268095,0.0933764)
 (-0.0239264,0.0912684)
 (-0.0198894,0.0886868)
 (-0.0166052,0.0871436)
 (-0.0133039,0.0845253)
 (-0.009556449999999999,0.0821693)
 (-0.00593852,0.0795816)
 (-0.00347514,0.0771951)
 (-0.00114163,0.0744573)
 (0.00101684,0.0721258)
 (0.00414964,0.07035429999999999)
 (0.00571764,0.06723170000000001)
 (0.00700734,0.0642128)
 (0.009626300000000001,0.0618295)
 (0.0112516,0.0593052)
 (0.0124618,0.0567013)
 (0.0134086,0.0536869)
 (0.0140341,0.0512043)
 (0.0151745,0.0490198)
 (0.0163097,0.0461996)
 (0.01608,0.0435261)
 (0.0168718,0.0416991)
 (0.0167601,0.0392108)
 (0.0170554,0.0366212)
 (0.0176718,0.0345826)
 (0.0169398,0.0317515)
 (0.017207,0.029941)
 (0.0170872,0.0282278)
 (0.0167125,0.0253393)
 (0.0163525,0.0239172)
 (0.0152383,0.0223288)
 (0.0146261,0.0203584)
 (0.0137552,0.0189724)
 (0.0130188,0.0171786)
 (0.0115968,0.0159958)
 (0.0111136,0.0141174)
 (0.0100386,0.0132743)
 (0.008653070000000001,0.0120452)
 (0.00741084,0.0107776)
 (0.00573958,0.0103121)
 (0.00432614,0.009314370000000001)
 (0.00302398,0.008178980000000001)
 (0.00147551,0.00727287)
 (0.000455444,0.00687634)
 (-0.000412965,0.00599212)
 (-0.00214121,0.00607577)
 (-0.00343608,0.00539913)
 (-0.0049787,0.00465638)
 (-0.00614588,0.00570081)
 (-0.00787732,0.0057934)
 (-0.00874605,0.00609879)
 (-0.0103763,0.00602506)
 (-0.0119769,0.00655708)
 (-0.0134586,0.00757247)
 (-0.0150491,0.00777708)
 (-0.0162484,0.008059780000000001)
 (-0.0174899,0.008695)
 (-0.019013,0.009384119999999999)
 (-0.0198491,0.0104403)
 (-0.0212522,0.0109119)
 (-0.0227725,0.0122452)
 (-0.0236445,0.0133755)
 (-0.0251741,0.0151916)
 (-0.0261127,0.0158697)
 (-0.0271563,0.0174356)
 (-0.0281847,0.0192173)
 (-0.0286054,0.0206568)
 (-0.0294568,0.0224304)
 (-0.0306579,0.024136)
 (-0.0310304,0.0255019)
 (-0.0314638,0.0278627)
 (-0.0316216,0.0293721)
 (-0.0324101,0.0315214)
 (-0.0331239,0.033904)
 (-0.0323719,0.0356637)
 (-0.0337015,0.0378916)
 (-0.0339155,0.0390952)
 (-0.0348291,0.0400674)
 (-0.0347533,0.0419855)
 (-0.0328461,0.0455522)
 (-0.0298482,0.0501415)
 (-0.027563,0.0535067)
 (-0.0259909,0.0569607)
 (-0.0263098,0.0591978)
 (-0.0264251,0.0615004)
 (-0.0256019,0.06419850000000001)
 (-0.0244958,0.0671037)
 (-0.0233757,0.0687131)
 (-0.0214762,0.0718073)
 (-0.0207103,0.0747329)
 (-0.0199091,0.0767959)
 (-0.0186525,0.0796743)
 (-0.01887,0.082288)
 (-0.0189567,0.08365069999999999)
 (-0.0182577,0.0858495)
 (-0.0163265,0.0883434)
 (-0.0127188,0.0911172)
 (-0.00999677,0.0933578)
 (-0.00896194,0.09541040000000001)
 (-0.00687482,0.09672699999999999)
 (-0.00302252,0.0991293)
 (0.00212469,0.100299)
 (0.00831167,0.103145)
 (0.0152654,0.106337)
 (0.0227263,0.109074)
 (0.0289633,0.110798)
 (0.0320453,0.114557)
 (0.0348826,0.11649)
 (0.0389387,0.11832)
 (0.0430996,0.119824)
 (0.0467973,0.121353)
 (0.0515778,0.121956)
 (0.0579972,0.122536)
 (0.0640424,0.124312)
 (0.0697805,0.123949)
 (0.0767222,0.123643)
 (0.08413180000000001,0.124973)
 (0.0905989,0.124491)
 (0.0977259,0.122641)
 (0.103941,0.122034)
 (0.110886,0.120928)
 (0.11737,0.119863)
 (0.126106,0.117448)
 (0.132227,0.114203)
 (0.139575,0.110806)
 (0.148231,0.107435)
 (0.155098,0.104517)
 (0.16312,0.101769)
 (0.17087,0.09864530000000001)
 (0.177535,0.0943383)
 (0.187642,0.0884175)
 (0.194191,0.0825579)
 (0.200737,0.07838829999999999)
 (0.208177,0.0713041)
 (0.215695,0.0632293)
 (0.222367,0.0538578)
 (0.22877,0.0446715)
 (0.234896,0.0351399)
 (0.240902,0.0256198)
 (0.245362,0.0156365)
 (0.250127,0.00451197)
 (0.256299,-0.00844904)
 (0.262544,-0.0227099)
 (0.267581,-0.0353041)
 (0.27208,-0.0483304)
 (0.27576,-0.0619301)
 (0.277622,-0.07447280000000001)
 (0.276518,-0.0835021)
 (0.27706,-0.0951994)
 (0.277931,-0.107423)
 (0.279186,-0.123989)
 (0.278166,-0.140694)
