  9.00000000000E+03 -0.501521       -0.00057587     0.499145        0.00165714     0.498299        0.00397176    -0.495895        0.00179501   
  1.00089775000E+07 -0.498128        0.021603       0.505941       -0.0146374      0.497044       -0.0231668     -0.503309        0.0119156    
  2.00089550000E+07 -0.496702        0.0378757      0.505005       -0.0337614      0.495948       -0.0436395     -0.502407        0.0274558    
  3.00089325000E+07 -0.494008        0.0555237      0.502232       -0.0540575      0.493185       -0.0637092     -0.501095        0.0451591    
  4.00089100000E+07 -0.491558        0.0710613      0.499841       -0.0733241      0.489315       -0.0816307     -0.49938         0.0614956    
  5.00088875000E+07 -0.48849         0.0879386      0.496633       -0.0930726      0.486184       -0.101551      -0.497123        0.0771674    
  6.00088650000E+07 -0.485222        0.104365       0.492774       -0.112257       0.481255       -0.119962      -0.493776        0.0947258    
  7.00088425000E+07 -0.480795        0.11998        0.488356       -0.13136        0.476368       -0.138254      -0.490105        0.110895     
  8.00088200000E+07 -0.476903        0.135978       0.482525       -0.150969       0.470016       -0.15661       -0.486308        0.126904     
  9.00087975000E+07 -0.471776        0.151853       0.475848       -0.169895       0.463243       -0.174731      -0.481336        0.142704     
  1.00008775000E+08 -0.466045        0.167222       0.469191       -0.188225       0.456552       -0.192492      -0.476138        0.157906     
  1.10008752500E+08 -0.460049        0.182623       0.462067       -0.206198       0.448521       -0.209711      -0.470993        0.173087     
  1.20008730000E+08 -0.453338        0.197883       0.453338       -0.224303       0.440275       -0.228165      -0.464669        0.189275     
  1.30008707500E+08 -0.446091        0.212755       0.444122       -0.241919       0.430944       -0.244364      -0.457789        0.203886     
  1.40008685000E+08 -0.437756        0.227668       0.43462        -0.259453       0.420669       -0.260353      -0.44968         0.218771     
  1.50008662500E+08 -0.429796        0.241525       0.423224       -0.275716       0.410441       -0.276791      -0.442242        0.233057     
  1.60008640000E+08 -0.421895        0.255977       0.412841       -0.292622       0.399541       -0.292752      -0.434236        0.248126     
  1.70008617500E+08 -0.412517        0.269024       0.400363       -0.308297       0.387435       -0.30799       -0.425099        0.261725     
  1.80008595000E+08 -0.403295        0.283348       0.388368       -0.323486       0.37612        -0.322575      -0.415751        0.275777     
  1.90008572500E+08 -0.392898        0.295631       0.375655       -0.338345       0.363101       -0.337029      -0.406664        0.289242     
  2.00008550000E+08 -0.382647        0.308729       0.361863       -0.353149       0.349672       -0.350894      -0.396718        0.301735     
  2.10008527500E+08 -0.371862        0.320989       0.348204       -0.366866       0.335144       -0.364261      -0.385721        0.314803     
  2.20008505000E+08 -0.360354        0.33277        0.333622       -0.380218       0.321064       -0.377219      -0.374752        0.327401     
  2.30008482500E+08 -0.348902        0.344579       0.318138       -0.392678       0.305952       -0.389541      -0.363137        0.339223     
  2.40008460000E+08 -0.336611        0.355734       0.302911       -0.404426       0.291299       -0.4013        -0.352249        0.351032     
  2.50008437500E+08 -0.324687        0.36601        0.287429       -0.416189       0.275405       -0.411792      -0.33996         0.361239     
  2.60008415000E+08 -0.311491        0.376256       0.270962       -0.427837       0.259644       -0.421674      -0.327698        0.372213     
  2.70008392500E+08 -0.298147        0.386192       0.254286       -0.437006       0.243191       -0.431771      -0.315446        0.382826     
  2.80008370000E+08 -0.28466         0.395421       0.236141       -0.446278       0.225969       -0.440825      -0.30272         0.392062     
  2.90008347500E+08 -0.271321        0.404075       0.219337       -0.455745       0.208895       -0.449746      -0.289933        0.40177      
  3.00008325000E+08 -0.257718        0.412948       0.20229        -0.464686       0.191427       -0.457774      -0.275918        0.410752     
  3.10008302500E+08 -0.24315         0.420213       0.184317       -0.47117        0.173434       -0.465521      -0.261978        0.419031     
  3.20008280000E+08 -0.22914         0.427562       0.165874       -0.477754       0.156023       -0.471462      -0.248813        0.425713     
  3.30008257500E+08 -0.214967        0.434476       0.147859       -0.484283       0.138177       -0.476835      -0.234234        0.433199     
  3.40008235000E+08 -0.199828        0.441179       0.129632       -0.490014       0.119196       -0.482518      -0.220009        0.441071     
  3.50008212500E+08 -0.184585        0.4466         0.11089        -0.494737       0.100431       -0.487413      -0.205455        0.44799      
  3.60008190000E+08 -0.169041        0.452672       0.0905937      -0.49886        0.0815512      -0.490648      -0.19013         0.453147     
  3.70008167500E+08 -0.153168        0.456718       0.0712654      -0.502583       0.0620157      -0.493609      -0.175484        0.45778      
  3.80008145000E+08 -0.138501        0.460886       0.0529296      -0.504676       0.043323       -0.495834      -0.159963        0.463442     
  3.90008122500E+08 -0.122868        0.464118       0.0328126      -0.50614        0.023927       -0.497219      -0.144469        0.467221     
  4.00008100000E+08 -0.106445        0.467746       0.0136739      -0.507781       0.00467236     -0.498096      -0.129527        0.470662     
  4.10008077500E+08 -0.0908821       0.470201      -0.00635627     -0.508496      -0.0143509      -0.498991      -0.113414        0.475145     
  4.20008055000E+08 -0.0742601       0.471922      -0.0267661      -0.508561      -0.0337928      -0.498299      -0.0970542       0.478615     
  4.30008032500E+08 -0.0586534       0.473435      -0.0462235      -0.507509      -0.0535699      -0.496364      -0.0808485       0.480185     
  4.40008010000E+08 -0.0422902       0.474413      -0.066076       -0.504856      -0.0720959      -0.494195      -0.0643108       0.481801     
  4.50007987500E+08 -0.0269252       0.474117      -0.0855422      -0.502267      -0.091464       -0.491378      -0.0488127       0.482877     
  4.60007965000E+08 -0.010885        0.473763      -0.104649       -0.499127      -0.111076       -0.487821      -0.0326867       0.483984     
  4.70007942500E+08  0.0061176       0.473424      -0.123962       -0.495067      -0.128994       -0.483678      -0.0171616       0.483911     
  4.80007920000E+08  0.0210727       0.471968      -0.143234       -0.490613      -0.148093       -0.478803      -0.000710869     0.483151     
  4.90007897500E+08  0.0376009       0.469655      -0.161788       -0.485046      -0.167263       -0.472182       0.0152253       0.482217     
  5.00007875000E+08  0.0525557       0.467455      -0.180292       -0.47828       -0.185051       -0.465904       0.0306573       0.479868     
  5.10007852500E+08  0.0677098       0.46422       -0.198974       -0.4712        -0.202626       -0.458669       0.0466701       0.477957     
  5.20007830000E+08  0.0824658       0.460782      -0.2163         -0.463913      -0.220288       -0.451682       0.0619756       0.476134     
  5.30007807500E+08  0.0975266       0.456428      -0.234638       -0.455187      -0.23704        -0.442643       0.0765361       0.472947     
  5.40007785000E+08  0.11287         0.452337      -0.252786       -0.446455      -0.255004       -0.433766       0.0929318       0.469123     
  5.50007762500E+08  0.128411        0.446985      -0.270628       -0.436654      -0.272192       -0.423278       0.108464        0.465516     
  5.60007740000E+08  0.142484        0.441689      -0.286983       -0.426712      -0.28854        -0.41382        0.123101        0.460151     
  5.70007717500E+08  0.156619        0.435003      -0.303873       -0.414715      -0.304143       -0.402614       0.138611        0.455374     
  5.80007695000E+08  0.17005         0.427901      -0.320166       -0.403767      -0.319746       -0.391475       0.153321        0.449562     
  5.90007672500E+08  0.183856        0.421304      -0.335291       -0.392345      -0.335038       -0.379697       0.166482        0.443409     
  6.00007650000E+08  0.197364        0.413964      -0.350322       -0.379364      -0.349798       -0.366959       0.181294        0.437026     
  6.10007627500E+08  0.210897        0.406226      -0.366229       -0.365667      -0.363967       -0.353973       0.195173        0.42985      
  6.20007605000E+08  0.224141        0.398216      -0.380831       -0.35195       -0.378954       -0.338886       0.209805        0.421907     
  6.30007582500E+08  0.236772        0.3885        -0.394171       -0.337431      -0.391979       -0.325963       0.223425        0.414278     
  6.40007560000E+08  0.24881         0.378239      -0.406888       -0.32291       -0.405084       -0.310651       0.236118        0.405139     
  6.50007537500E+08  0.25972         0.368217      -0.41895        -0.307338      -0.417109       -0.295446       0.248134        0.395755     
  6.60007515000E+08  0.272236        0.357438      -0.431235       -0.291162      -0.428288       -0.279601       0.260282        0.38668      
  6.70007492500E+08  0.282424        0.347123      -0.443382       -0.274545      -0.439531       -0.262116       0.273338        0.376859     
  6.80007470000E+08  0.294033        0.33477       -0.454061       -0.257934      -0.450566       -0.245304       0.28428         0.366484     
  6.90007447500E+08  0.303968        0.324432      -0.464803       -0.239915      -0.460044       -0.227847       0.29618         0.355892     
  7.00007425000E+08  0.313658        0.312307      -0.474513       -0.223014      -0.468501       -0.21115        0.306386        0.344542     
  7.10007402500E+08  0.322959        0.299668      -0.483637       -0.203768      -0.47782        -0.192857       0.31785         0.332512     
  7.20007380000E+08  0.331839        0.287395      -0.49219        -0.185867      -0.485501       -0.173995       0.32634         0.320955     
  7.30007357500E+08  0.340093        0.27415       -0.499482       -0.165806      -0.492994       -0.155383       0.337123        0.308265     
  7.40007335000E+08  0.347903        0.261503      -0.506398       -0.148068      -0.4993         -0.136941       0.345806        0.295844     
  7.50007312500E+08  0.355732        0.248271      -0.512375       -0.128473      -0.505292       -0.116834       0.353716        0.282697     
  7.60007290000E+08  0.362201        0.234314      -0.518626       -0.108955      -0.509853       -0.0977806      0.36205         0.26952      
  7.70007267500E+08  0.368869        0.221139      -0.523541       -0.0893604     -0.513802       -0.0792941      0.369329        0.257142     
  7.80007245000E+08  0.37371         0.207091      -0.526833       -0.0693398     -0.517663       -0.0587252      0.376434        0.242924     
  7.90007222500E+08  0.379238        0.193561      -0.530485       -0.0473808     -0.520456       -0.038649       0.38456         0.228158     
  8.00007200000E+08  0.383855        0.178969      -0.533236       -0.0286853     -0.52297        -0.0189304      0.389195        0.21482      
  8.10007177500E+08  0.387211        0.164554      -0.534777       -0.00750296    -0.524431        0.00169754     0.395378        0.200953     
  8.20007155000E+08  0.39161         0.149597      -0.535447        0.0144171     -0.525798        0.0211018      0.400666        0.185777     
  8.30007132500E+08  0.394014        0.135789      -0.535886        0.035036      -0.524923        0.0417258      0.404682        0.171021     
  8.40007110000E+08  0.395809        0.121337      -0.535073        0.055601      -0.524923        0.0619382      0.408881        0.156382     
  8.50007087500E+08  0.397896        0.106892      -0.533848        0.0766174     -0.522989        0.0823509      0.411639        0.141957     
  8.60007065000E+08  0.398562        0.0920483     -0.531603        0.0982465     -0.520737        0.102991       0.413969        0.12701      
  8.70007042500E+08  0.399424        0.076581      -0.528834        0.120856      -0.516891        0.123962       0.41607         0.110554     
  8.80007020000E+08  0.39844         0.0619056     -0.523863        0.14206       -0.512625        0.145476       0.417748        0.0939822    
  8.90006997500E+08  0.397286        0.0476373     -0.520011        0.160485      -0.507618        0.164402       0.41817         0.0814866    
  9.00006975000E+08  0.395497        0.0340493     -0.515011        0.180943      -0.502966        0.182211       0.418892        0.0663624    
  9.10006952500E+08  0.393836        0.0199046     -0.509467        0.200007      -0.496647        0.202992       0.417824        0.0512443    
  9.20006930000E+08  0.392155        0.00517628    -0.501267        0.222178      -0.489379        0.223212       0.416927        0.0347555    
  9.30006907500E+08  0.387969       -0.00974052    -0.493459        0.242195      -0.480572        0.243211       0.415637        0.0199101    
  9.40006885000E+08  0.384385       -0.0235098     -0.48419         0.261878      -0.472161        0.262128       0.413552        0.00513382   
  9.50006862500E+08  0.379976       -0.0359114     -0.475329        0.28075       -0.462828        0.280003       0.410412       -0.00916568   
  9.60006840000E+08  0.375917       -0.0490525     -0.464978        0.299632      -0.45248         0.299191       0.407208       -0.0222439    
  9.70006817500E+08  0.370501       -0.0623638     -0.452525        0.320077      -0.442121        0.317042       0.402685       -0.0395475    
  9.80006795000E+08  0.365287       -0.0749388     -0.442304        0.338398      -0.431447        0.334392       0.398997       -0.0517999    
  9.90006772500E+08  0.359438       -0.0871741     -0.4314          0.354052      -0.418533        0.352241       0.393133       -0.0649739    
  1.00000675000E+09  0.353726       -0.101318      -0.420487        0.374668      -0.405876        0.370071       0.387685       -0.0786754    
  1.01000672750E+09  0.345683       -0.111932      -0.404444        0.388629      -0.392561        0.385959       0.381934       -0.0899319    
  1.02000670500E+09  0.337753       -0.123334      -0.389566        0.404985      -0.377748        0.402533       0.375023       -0.103644     
  1.03000668250E+09  0.329334       -0.134309      -0.374926        0.421703      -0.361883        0.418093       0.367084       -0.115801     
  1.04000666000E+09  0.3208         -0.144916      -0.357861        0.437601      -0.345783        0.433448       0.359122       -0.128324     
  1.05000663750E+09  0.311217       -0.156645      -0.342997        0.452619      -0.32966         0.447799       0.351646       -0.138341     
  1.06000661500E+09  0.30241        -0.165852      -0.324729        0.466621      -0.312519        0.462544       0.342368       -0.149458     
  1.07000659250E+09  0.292003       -0.175208      -0.306168        0.480266      -0.294156        0.476342       0.332977       -0.16005      
  1.08000657000E+09  0.281577       -0.183466      -0.289081        0.492649      -0.276206        0.488974       0.323821       -0.169576     
  1.09000654750E+09  0.272248       -0.190921      -0.26572         0.508406      -0.258088        0.500025       0.312432       -0.181965     
  1.10000652500E+09  0.261606       -0.198835      -0.247798        0.517879      -0.238981        0.511974       0.301745       -0.189989     
  1.11000650250E+09  0.250709       -0.205701      -0.230572        0.529521      -0.219438        0.52295        0.293485       -0.198244     
  1.12000648000E+09  0.23935        -0.213043      -0.210538        0.539879      -0.198985        0.533024       0.282232       -0.206654     
  1.13000645750E+09  0.227655       -0.217915      -0.189421        0.549011      -0.178638        0.541818       0.271272       -0.214006     
  1.14000643500E+09  0.215574       -0.223038      -0.168185        0.558335      -0.157479        0.549954       0.259141       -0.220874     
  1.15000641250E+09  0.204425       -0.227495      -0.146744        0.566047      -0.135446        0.557162       0.247431       -0.227529     
  1.16000639000E+09  0.192361       -0.231515      -0.1239          0.57426       -0.114094        0.563049       0.236178       -0.23334      
  1.17000636750E+09  0.179799       -0.235768      -0.102           0.58039       -0.0912078       0.569885       0.224238       -0.238178     
  1.18000634500E+09  0.167659       -0.238864      -0.0778777       0.585175      -0.0683575       0.575225       0.211087       -0.242435     
  1.19000632250E+09  0.155428       -0.241524      -0.0566021       0.589765      -0.0446173       0.579966       0.200258       -0.246828     
  1.20000630000E+09  0.144089       -0.242956      -0.0342567       0.593588      -0.022347        0.58323        0.18778        -0.249358     
  1.21000627750E+09  0.132014       -0.243354      -0.00983327      0.595608       0.000625155     0.585173       0.175642       -0.251282     
  1.22000625500E+09  0.119991       -0.243715       0.015695        0.597696       0.0234876       0.586564       0.162114       -0.253604     
  1.23000623250E+09  0.108389       -0.243267       0.0378105       0.598392       0.0465287       0.586762       0.150433       -0.254204     
  1.24000621000E+09  0.0967268      -0.242834       0.0629495       0.59992        0.0700611       0.587171       0.137754       -0.255603     
  1.25000618750E+09  0.0846358      -0.241901       0.0887282       0.59972        0.0952784       0.586389       0.125603       -0.255778     
  1.26000616500E+09  0.0738993      -0.239835       0.113353        0.599059       0.119727        0.584563       0.114031       -0.255628     
  1.27000614250E+09  0.0633369      -0.237435       0.136829        0.597281       0.143852        0.581535       0.102394       -0.25446      
  1.28000612000E+09  0.0529866      -0.233097       0.160725        0.592284       0.166683        0.577484       0.090796       -0.251253     
  1.29000609750E+09  0.042692       -0.229616       0.184517        0.587836       0.189762        0.572522       0.0789138      -0.248275     
  1.30000607500E+09  0.0328839      -0.226373       0.207166        0.58135        0.21337         0.567022       0.0683721      -0.244007     
  1.31000605250E+09  0.0241378      -0.221599       0.230382        0.575507       0.236304        0.560988       0.0579859      -0.240493     
  1.32000603000E+09  0.0140367      -0.216118       0.256131        0.567692       0.259384        0.553056       0.0474009      -0.2358       
  1.33000600750E+09  0.00570516     -0.210625       0.279285        0.55926        0.282799        0.544196       0.0376543      -0.23146      
  1.34000598500E+09 -0.00193856     -0.204102       0.305303        0.549193       0.305661        0.534108       0.0275301      -0.226821     
  1.35000596250E+09 -0.0103713      -0.198815       0.33147         0.53833        0.32989         0.523955       0.0175708      -0.220829     
  1.36000594000E+09 -0.017103       -0.192738       0.349688        0.52818        0.352324        0.51262        0.0111135      -0.21459      
  1.37000591750E+09 -0.0245496      -0.18551        0.374967        0.51426        0.374303        0.499883       0.00227507     -0.207861     
  1.38000589500E+09 -0.0300477      -0.178116       0.393981        0.503087       0.395664        0.48757       -0.00329258     -0.201057     
  1.39000587250E+09 -0.0358287      -0.17075        0.413466        0.489256       0.417393        0.472831      -0.00935049     -0.192734     
  1.40000585000E+09 -0.0405931      -0.163075       0.439541        0.472124       0.439022        0.457966      -0.0175216      -0.186451     
  1.41000582750E+09 -0.0452097      -0.155309       0.463048        0.456882       0.459118        0.440598      -0.022402       -0.178439     
  1.42000580500E+09 -0.048662       -0.147983       0.482922        0.438938       0.47899         0.423192      -0.0273487      -0.170176     
  1.43000578250E+09 -0.0522678      -0.140195       0.503015        0.420416       0.498096        0.405983      -0.0305124      -0.162018     
  1.44000576000E+09 -0.0550625      -0.132522       0.523918        0.401909       0.51905         0.38677       -0.0349303      -0.153595     
  1.45000573750E+09 -0.0575466      -0.124732       0.541274        0.380931       0.538825        0.364652      -0.0375671      -0.145133     
  1.46000571500E+09 -0.0577025      -0.117235       0.555885        0.36232        0.552087        0.346467      -0.0384547      -0.136379     
  1.47000569250E+09 -0.0587835      -0.109193       0.575366        0.339714       0.569547        0.324953      -0.0405607      -0.128487     
  1.48000567000E+09 -0.0575818      -0.102754       0.589667        0.318415       0.584239        0.303138      -0.0403284      -0.120433     
  1.49000564750E+09 -0.0580737      -0.0953195      0.607899        0.29173        0.601148        0.278174      -0.0417056      -0.111649     
  1.50000562500E+09 -0.0580104      -0.0887823      0.624004        0.26698        0.616146        0.253804      -0.041579       -0.103628     
  1.51000560250E+09 -0.0569927      -0.0821544      0.638995        0.242672       0.629556        0.228186      -0.0396377      -0.095695     
  1.52000558000E+09 -0.0547525      -0.0758292      0.650157        0.219855       0.641394        0.202945      -0.0379453      -0.0895574    
  1.53000555750E+09 -0.0520392      -0.0692796      0.663636        0.192096       0.653321        0.177857      -0.0354109      -0.0822273    
  1.54000553500E+09 -0.0500157      -0.0648319      0.673819        0.163836       0.664184        0.149736      -0.0329033      -0.0761947    
  1.55000551250E+09 -0.0461966      -0.0598595      0.683869        0.136764       0.673153        0.122408      -0.0290892      -0.0702663    
  1.56000549000E+09 -0.0427701      -0.0551676      0.692786        0.107777       0.681839        0.0928678     -0.0246307      -0.0649232    
  1.57000546750E+09 -0.0393078      -0.0505981      0.701288        0.0779725      0.689542        0.0634193     -0.0207854      -0.0598641    
  1.58000544500E+09 -0.0351059      -0.0475093      0.707217        0.046815       0.694831        0.0332081     -0.015777       -0.0560573    
  1.59000542250E+09 -0.0304874      -0.0447634      0.712862        0.012849       0.698854        0.00293263    -0.0111955      -0.0527638    
  1.60000540000E+09 -0.02588        -0.0425593      0.716428       -0.0188714      0.702327       -0.027812      -0.00595424     -0.0487559    
  1.61000537750E+09 -0.0218798      -0.0405279      0.718592       -0.0486263      0.70441        -0.0581056     -0.000108019    -0.0476621    
  1.62000535500E+09 -0.016963       -0.0391249      0.71905        -0.0808834      0.704762       -0.0891593      0.00510526     -0.0462205    
  1.63000533250E+09 -0.0116413      -0.0390528      0.719025       -0.114944       0.704747       -0.119903       0.01095        -0.0449429    
  1.64000531000E+09 -0.00771042     -0.038798       0.716705       -0.145366       0.702188       -0.153217       0.0161248      -0.0449864    
  1.65000528750E+09 -0.00395682     -0.0396983      0.713801       -0.178638       0.697499       -0.185165       0.0222835      -0.0451613    
  1.66000526500E+09  0.000286276    -0.0412114      0.708196       -0.212573       0.69311        -0.217173       0.0276032      -0.0469389    
  1.67000524250E+09  0.00350502     -0.04269        0.701983       -0.245951       0.686264       -0.249941       0.0326338      -0.0486112    
  1.68000522000E+09  0.00675337     -0.0447702      0.691946       -0.281005       0.676628       -0.283111       0.0374073      -0.0505015    
  1.69000519750E+09  0.010549       -0.0485494      0.682199       -0.309554       0.667544       -0.31233        0.042147       -0.0541543    
  1.70000517500E+09  0.0132272      -0.0514723      0.672929       -0.338791       0.655983       -0.342254       0.0466956      -0.0573688    
  1.71000515250E+09  0.0158903      -0.0547633      0.659665       -0.370107       0.643601       -0.373565       0.0503919      -0.0615795    
  1.72000513000E+09  0.0172177      -0.0597316      0.643491       -0.404598       0.627631       -0.404534       0.053159       -0.0666001    
  1.73000510750E+09  0.0175643      -0.0630428      0.625349       -0.437272       0.60958        -0.436415       0.0560193      -0.071474     
  1.74000508500E+09  0.0186577      -0.0671252      0.608718       -0.465182       0.59224        -0.464179       0.0581514      -0.0771831    
  1.75000506250E+09  0.0196375      -0.0715446      0.58564        -0.497365       0.572539       -0.492885       0.0588317      -0.0833456    
  1.76000504000E+09  0.0192521      -0.076343       0.563584       -0.52523        0.551533       -0.520064       0.0594172      -0.0891602    
  1.77000501750E+09  0.0185389      -0.0813902      0.542254       -0.551627       0.526804       -0.549723       0.0594213      -0.0956889    
  1.78000499500E+09  0.0172277      -0.0853997      0.519222       -0.577537       0.501489       -0.575811       0.0599762      -0.102191     
  1.79000497250E+09  0.0147553      -0.0904113      0.495176       -0.603343       0.476244       -0.600565       0.0585354      -0.108043     
  1.80000495000E+09  0.0121158      -0.0955732      0.465623       -0.629406       0.4485         -0.624129       0.0564475      -0.115399     
  1.81000492750E+09  0.0100324      -0.0995206      0.436892       -0.650809       0.420669       -0.645182       0.0536389      -0.121562     
  1.82000490500E+09  0.0055393      -0.104804       0.406335       -0.673647       0.389966       -0.667402       0.0501639      -0.128181     
  1.83000488250E+09  0.00149829     -0.10837        0.372718       -0.694161       0.359299       -0.686616       0.0451311      -0.133949     
  1.84000486000E+09 -0.00431217     -0.112316       0.341285       -0.712008       0.326651       -0.704295       0.0407682      -0.139329     
  1.85000483750E+09 -0.008762       -0.115643       0.307671       -0.728955       0.293421       -0.719985       0.0349497      -0.144297     
  1.86000481500E+09 -0.0152098      -0.118954       0.274797       -0.743449       0.259606       -0.732926       0.0297693      -0.148395     
  1.87000479250E+09 -0.0213786      -0.12128        0.241063       -0.756224       0.223131       -0.746018       0.0237282      -0.15277      
  1.88000477000E+09 -0.0280673      -0.122469       0.202606       -0.768372       0.186836       -0.756763       0.0162549      -0.157418     
  1.89000474750E+09 -0.0342246      -0.124359       0.16412        -0.777041       0.152682       -0.765458       0.00826701     -0.160153     
  1.90000472500E+09 -0.0414486      -0.124952       0.129663       -0.785158       0.116542       -0.772311       0.0011652      -0.162756     
  1.91000470250E+09 -0.0490947      -0.125473       0.0920327      -0.790033       0.0801493      -0.777466      -0.00772185     -0.16495      
  1.92000468000E+09 -0.056963       -0.124479       0.0546198      -0.795307       0.0417114      -0.781406      -0.0152531      -0.166844     
  1.93000465750E+09 -0.0636993      -0.123923       0.0183414      -0.796092       0.00485353     -0.782395      -0.0238457      -0.167585     
  1.94000463500E+09 -0.0706968      -0.122845      -0.0171278      -0.7955        -0.0300684      -0.781592      -0.0324303      -0.167326     
  1.95000461250E+09 -0.0777898      -0.121053      -0.0579936      -0.791253      -0.0667195      -0.778791      -0.0415272      -0.165737     
  1.96000459000E+09 -0.0853583      -0.119171      -0.103541       -0.784867      -0.102853       -0.775424      -0.051959       -0.163305     
  1.97000456750E+09 -0.0925756      -0.115729      -0.141957       -0.778875      -0.140326       -0.768207      -0.0610671      -0.16056      
  1.98000454500E+09 -0.100054       -0.111767      -0.180011       -0.77121       -0.176009       -0.760399      -0.0701792      -0.158118     
  1.99000452250E+09 -0.105987       -0.108343      -0.209569       -0.766253      -0.211359       -0.750699      -0.0778696      -0.155787     
  2.00000450000E+09 -0.112762       -0.103475      -0.243757       -0.754319      -0.245236       -0.738972      -0.0857268      -0.152047     
  2.01000447750E+09 -0.11913        -0.0982177     -0.27914        -0.74044       -0.278559       -0.726134      -0.0931432      -0.14655      
  2.02000445500E+09 -0.12568        -0.0930007     -0.313203       -0.725026      -0.310504       -0.711072      -0.10116        -0.140863     
  2.03000443250E+09 -0.13151        -0.0867178     -0.343747       -0.709609      -0.342373       -0.695394      -0.107838       -0.135518     
  2.04000441000E+09 -0.137124       -0.0801739     -0.372479       -0.692778      -0.37161        -0.679447      -0.113568       -0.129446     
  2.05000438750E+09 -0.141545       -0.0725006     -0.403036       -0.671897      -0.401893       -0.65903       -0.120157       -0.122952     
  2.06000436500E+09 -0.145817       -0.0654324     -0.431901       -0.650328      -0.429458       -0.638402      -0.125735       -0.114824     
  2.07000434250E+09 -0.150035       -0.0576575     -0.461551       -0.627511      -0.457687       -0.615312      -0.130871       -0.106951     
  2.08000432000E+09 -0.153496       -0.048897      -0.489133       -0.604068      -0.485848       -0.591705      -0.136063       -0.0982522    
  2.09000429750E+09 -0.157411       -0.0406375     -0.516216       -0.579808      -0.511714       -0.568167      -0.140775       -0.0899226    
  2.10000427500E+09 -0.159432       -0.0329684     -0.542101       -0.553704      -0.536545       -0.545121      -0.145291       -0.0818132    
  2.11000425250E+09 -0.162176       -0.0240812     -0.564252       -0.528023      -0.56026        -0.518815      -0.14831        -0.0725115    
  2.12000423000E+09 -0.163558       -0.0159661     -0.584849       -0.500985      -0.580451       -0.491165      -0.150762       -0.0637245    
  2.13000420750E+09 -0.164775       -0.0071242     -0.603435       -0.47606       -0.599772       -0.463243      -0.153185       -0.0552933    
  2.14000418500E+09 -0.1635          0.00272631    -0.623407       -0.449056      -0.618486       -0.433239      -0.154587       -0.0464553    
  2.15000416250E+09 -0.164029        0.010894      -0.639999       -0.419982      -0.635654       -0.40364       -0.155066       -0.0374301    
  2.16000414000E+09 -0.164231        0.019405      -0.657934       -0.391122      -0.652783       -0.373911      -0.156347       -0.0283469    
  2.17000411750E+09 -0.162991        0.0286163     -0.669276       -0.361239      -0.667256       -0.34484       -0.155246       -0.0195185    
  2.18000409500E+09 -0.161053        0.0370126     -0.682097       -0.330203      -0.680358       -0.316362      -0.154143       -0.00999914   
  2.19000407250E+09 -0.158906        0.0456785     -0.702265       -0.29186       -0.690943       -0.285092      -0.15392         0.00137707   
  2.20000405000E+09 -0.156383        0.0538888     -0.710447       -0.259703      -0.699418       -0.25373       -0.151499        0.0104935    
  2.21000402750E+09 -0.153788        0.06289       -0.719047       -0.227699      -0.709061       -0.22161       -0.148796        0.0184594    
  2.22000400500E+09 -0.149343        0.0715894     -0.726448       -0.195957      -0.715262       -0.189811      -0.14616         0.0273381    
  2.23000398250E+09 -0.145506        0.079544      -0.732233       -0.162787      -0.721732       -0.157071      -0.141849        0.0361313    
  2.24000396000E+09 -0.140346        0.0873364     -0.736166       -0.129228      -0.726965       -0.124225      -0.138127        0.0450647    
  2.25000393750E+09 -0.135826        0.0948734     -0.741013       -0.0984704     -0.728405       -0.0945282     -0.134311        0.0532569    
  2.26000391500E+09 -0.130484        0.102677      -0.743928       -0.0660172     -0.729996       -0.0617648     -0.128667        0.0606112    
  2.27000389250E+09 -0.124121        0.110318      -0.740655       -0.0383346     -0.729503       -0.0279354     -0.123631        0.0677061    
  2.28000387000E+09 -0.117155        0.116542      -0.735753       -0.00718982    -0.727517        0.00290768    -0.117527        0.0752012    
  2.29000384750E+09 -0.11018         0.122559      -0.733288        0.0267904     -0.723415        0.0344859     -0.110358        0.0817437    
  2.30000382500E+09 -0.103307        0.12871       -0.729065        0.0594565     -0.718722        0.065652      -0.104373        0.0886871    
  2.31000380250E+09 -0.0967411       0.134295      -0.724697        0.0892464     -0.713623        0.0956142     -0.0978775       0.0945147    
  2.32000378000E+09 -0.0896676       0.138907      -0.713788        0.1197        -0.706278        0.123826      -0.0908227       0.100097     
  2.33000375750E+09 -0.0812197       0.143388      -0.704768        0.150507      -0.698148        0.153287      -0.0832268       0.105115     
  2.34000373500E+09 -0.0732323       0.14747       -0.696761        0.183724      -0.688756        0.182546      -0.0757292       0.109758     
  2.35000371250E+09 -0.0642402       0.150119      -0.686708        0.214013      -0.678003        0.211794      -0.0676039       0.11458      
  2.36000369000E+09 -0.0560178       0.153256      -0.674462        0.24135       -0.665964        0.241541      -0.0601212       0.118839     
  2.37000366750E+09 -0.0473165       0.156496      -0.662438        0.26526       -0.654924        0.269801      -0.0524929       0.120887     
  2.38000364500E+09 -0.0383924       0.158614      -0.648709        0.289227      -0.641551        0.298675      -0.0449647       0.1228       
  2.39000362250E+09 -0.029505        0.161048      -0.633432        0.315244      -0.627161        0.325218      -0.0370007       0.12454      
  2.40000360000E+09 -0.0219951       0.161874      -0.618957        0.336228      -0.612239        0.348324      -0.0292612       0.126232     
  2.41000357750E+09 -0.0127766       0.162426      -0.60074         0.359015      -0.596205        0.369255      -0.0209992       0.127766     
  2.42000355500E+09 -0.00298251      0.162097      -0.581479        0.386934      -0.577424        0.392729      -0.011494        0.128416     
  2.43000353250E+09  0.00577418      0.161567      -0.559789        0.42034       -0.556491        0.41638       -0.00136499      0.130026     
  2.44000351000E+09  0.0154837       0.16011       -0.540593        0.449055      -0.535439        0.440319       0.00727601      0.130821     
  2.45000348750E+09  0.0236993       0.159149      -0.525418        0.467286      -0.515497        0.460799       0.0151582       0.130244     
  2.46000346500E+09  0.0314199       0.15732       -0.508867        0.472883      -0.495703        0.47737        0.0223705       0.129171     
  2.47000344250E+09  0.0410946       0.155142      -0.484975        0.486726      -0.469413        0.501801       0.0291921       0.127386     
  2.48000342000E+09  0.0496997       0.152025      -0.456374        0.51972       -0.448995        0.516286       0.0394573       0.127095     
  2.49000339750E+09  0.0583256       0.14863       -0.437644        0.534839      -0.423821        0.534434       0.0477467       0.125079     
  2.50000337500E+09  0.0673315       0.145063      -0.418591        0.544855      -0.400485        0.550772       0.0540557       0.123592     
  2.51000335250E+09  0.0736838       0.140116      -0.391924        0.560812      -0.377837        0.565235       0.0627149       0.120551     
  2.52000333000E+09  0.0817502       0.135975      -0.36897         0.57399       -0.354042        0.577865       0.0691095       0.117778     
  2.53000330750E+09  0.088076        0.130733      -0.344965        0.589325      -0.327618        0.590101       0.0770676       0.114665     
  2.54000328500E+09  0.0952499       0.125335      -0.315728        0.600347      -0.301202        0.601097       0.0834414       0.111128     
  2.55000326250E+09  0.1022          0.119748      -0.288904        0.610769      -0.276716        0.610872       0.0905773       0.106462     
  2.56000324000E+09  0.109107        0.114433      -0.262639        0.621032      -0.251474        0.621341       0.0969299       0.101825     
  2.57000321750E+09  0.114871        0.106734      -0.238379        0.628648      -0.225261        0.629256       0.102598        0.0973545    
  2.58000319500E+09  0.120722        0.0994103     -0.212818        0.637716      -0.197235        0.637509       0.10782         0.0925314    
  2.59000317250E+09  0.12527         0.0930071     -0.183675        0.646745      -0.169392        0.644023       0.114109        0.0873513    
  2.60000315000E+09  0.129642        0.0856823     -0.160408        0.650613      -0.140129        0.647561       0.119566        0.0805161    
  2.61000312750E+09  0.13425         0.0783545     -0.134438        0.652723      -0.111673        0.652406       0.123125        0.0761627    
  2.62000310500E+09  0.139222        0.0697393     -0.10436         0.659853      -0.0822129       0.655372       0.12898         0.0695794    
  2.63000308250E+09  0.142515        0.0606226     -0.0757174       0.66512       -0.0564199       0.657441       0.134694        0.0631721    
  2.64000306000E+09  0.144643        0.0527537     -0.0481419       0.666319      -0.0316714       0.657118       0.138703        0.0564993    
  2.65000303750E+09  0.146733        0.0457227     -0.0234691       0.663826      -0.0083444       0.654302       0.141903        0.0497546    
  2.66000301500E+09  0.148445        0.0370448      0.00201415      0.662492       0.0185042       0.65362        0.145426        0.0439569    
  2.67000299250E+09  0.149115        0.0285006      0.0316001       0.659996       0.0482288       0.651508       0.148767        0.0364646    
  2.68000297000E+09  0.151188        0.0201767      0.0545391       0.657682       0.0729078       0.647887       0.152238        0.0307593    
  2.69000294750E+09  0.15145         0.011574       0.0796933       0.655758       0.0985323       0.644198       0.155168        0.0243094    
  2.70000292500E+09  0.151702        0.0032048      0.109058        0.648831       0.123951        0.638892       0.157021        0.0159143    
  2.71000290250E+09  0.150994       -0.00695038     0.135865        0.642942       0.150741        0.631136       0.158621        0.00865409   
  2.72000288000E+09  0.149719       -0.0146362      0.16257         0.635519       0.173729        0.623631       0.160026        0.00125362   
  2.73000285750E+09  0.148453       -0.022538       0.1883          0.626294       0.199034        0.61405        0.160244       -0.00591173   
  2.74000283500E+09  0.146208       -0.0304227      0.215729        0.6166         0.223611        0.603759       0.160694       -0.0124427    
  2.75000281250E+09  0.144083       -0.0389482      0.238748        0.607162       0.24887         0.593237       0.16089        -0.0201318    
  2.76000279000E+09  0.140212       -0.0481003      0.263001        0.595308       0.27496         0.579529       0.160683       -0.0266777    
  2.77000276750E+09  0.136604       -0.0562744      0.288881        0.585337       0.299847        0.566398       0.161031       -0.0351869    
  2.78000274500E+09  0.133957       -0.0635649      0.312202        0.572523       0.319826        0.555039       0.160079       -0.0423501    
  2.79000272250E+09  0.129672       -0.0701673      0.330174        0.563183       0.340021        0.542488       0.158887       -0.0471743    
  2.80000270000E+09  0.126188       -0.0770601      0.352955        0.551547       0.360129        0.528459       0.157648       -0.0549273    
  2.81000267750E+09  0.12043        -0.0832704      0.374755        0.531902       0.377672        0.513385       0.153962       -0.0621577    
  2.82000265500E+09  0.11544        -0.0906236      0.39436         0.514823       0.399318        0.496106       0.151277       -0.0678678    
  2.83000263250E+09  0.10934        -0.0966094      0.41129         0.499153       0.417949        0.479811       0.149053       -0.0745389    
  2.84000261000E+09  0.102788       -0.102432       0.432604        0.483993       0.436367        0.462171       0.147249       -0.0817605    
  2.85000258750E+09  0.0977983      -0.10756        0.452976        0.466545       0.453971        0.445698       0.144854       -0.0879917    
  2.86000256500E+09  0.0912546      -0.112577       0.463313        0.451252       0.469308        0.429178       0.14191        -0.092418     
  2.87000254250E+09  0.0837188      -0.117918       0.476277        0.43591        0.487201        0.407352       0.139645       -0.0968315    
  2.88000252000E+09  0.0766699      -0.122247       0.490002        0.422817       0.505412        0.389242       0.137471       -0.100834     
  2.89000249750E+09  0.0668451      -0.127064       0.496554        0.408963       0.522714        0.362896       0.135399       -0.103727     
  2.90000247500E+09  0.0572799      -0.131942       0.508742        0.384224       0.544109        0.334445       0.129982       -0.107007     
  2.91000245250E+09  0.0507063      -0.134539       0.517034        0.365416       0.555462        0.315386       0.125383       -0.109346     
  2.92000243000E+09  0.0443162      -0.135743       0.535735        0.329021       0.563772        0.295213       0.11703        -0.116643     
  2.93000240750E+09  0.0356177      -0.139301       0.562873        0.288222       0.576756        0.270134       0.106517       -0.126939     
  2.94000238500E+09  0.0271137      -0.140962       0.571439        0.269953       0.586641        0.247074       0.102281       -0.129929     
  2.95000236250E+09  0.019188       -0.140226       0.581464        0.242631       0.593815        0.223746       0.095928       -0.133869     
  2.96000234000E+09  0.0114693      -0.141035       0.593922        0.211209       0.600271        0.202165       0.0885836      -0.139097     
  2.97000231750E+09  0.00407544     -0.141438       0.608213        0.176791       0.607383        0.179379       0.0793523      -0.144292     
  2.98000229500E+09 -0.00325897     -0.140325       0.622416        0.142676       0.612057        0.156671       0.071634       -0.150291     
  2.99000227250E+09 -0.0118925      -0.138667       0.62974         0.118449       0.616372        0.132821       0.0655023      -0.152893     
  3.00000225000E+09 -0.0197938      -0.137831       0.636567        0.0945159      0.621023        0.108057       0.0601202      -0.155191     
  3.01000222750E+09 -0.0280354      -0.135011       0.639763        0.0714035      0.624014        0.0829004      0.0547489      -0.15652      
  3.02000220500E+09 -0.0363354      -0.13194        0.642185        0.0495824      0.62682         0.0571739      0.0484392      -0.157448     
  3.03000218250E+09 -0.0424385      -0.128946       0.643492        0.0298074      0.628609        0.0330969      0.0435385      -0.156823     
  3.04000216000E+09 -0.0503239      -0.126647       0.642315        0.0149578      0.628768        0.0106064      0.0397653      -0.156983     
  3.05000213750E+09 -0.0566222      -0.122221       0.640581       -0.00543301     0.628443       -0.0126509      0.0344272      -0.156414     
  3.06000211500E+09 -0.0643168      -0.118722       0.639857       -0.0291122      0.628021       -0.037155       0.0278989      -0.156493     
  3.07000209250E+09 -0.0707695      -0.112759       0.638747       -0.0558691      0.625157       -0.0620762      0.0214638      -0.15601      
  3.08000207000E+09 -0.0778758      -0.107723       0.635873       -0.0833164      0.622372       -0.0882186      0.0141589      -0.155456     
  3.09000204750E+09 -0.0828888      -0.102344       0.632018       -0.108091       0.618604       -0.110887       0.00884907     -0.154109     
  3.10000202500E+09 -0.089424       -0.0964433      0.626555       -0.134474       0.613958       -0.138368       0.00178497     -0.151929     
  3.11000200250E+09 -0.0945871      -0.0899515      0.621282       -0.160416       0.607163       -0.163687      -0.00402722     -0.150588     
  3.12000198000E+09 -0.0991725      -0.0850446      0.616136       -0.182878       0.601747       -0.184874      -0.00921354     -0.148423     
  3.13000195750E+09 -0.10457        -0.0780125      0.607093       -0.208938       0.591642       -0.211943      -0.0161348      -0.14613      
  3.14000193500E+09 -0.109283       -0.0700456      0.598176       -0.234515       0.58281        -0.237177      -0.0219431      -0.143449     
  3.15000191250E+09 -0.113124       -0.0633514      0.587444       -0.259307       0.572683       -0.260334      -0.0281516      -0.140088     
  3.16000189000E+09 -0.116957       -0.0556384      0.577711       -0.284369       0.562083       -0.283393      -0.0337445      -0.136351     
  3.17000186750E+09 -0.11924        -0.0487408      0.565837       -0.305636       0.549212       -0.306249      -0.0382342      -0.133186     
  3.18000184500E+09 -0.122072       -0.0390936      0.553641       -0.328234       0.535984       -0.332156      -0.0436644      -0.129182     
  3.19000182250E+09 -0.123734       -0.0303598      0.540632       -0.351569       0.520006       -0.356878      -0.0482412      -0.124883     
  3.20000180000E+09 -0.125259       -0.0226782      0.523274       -0.374138       0.504239       -0.38081       -0.0531732      -0.12004      
  3.21000177750E+09 -0.126476       -0.0140318      0.509563       -0.395052       0.489045       -0.403534      -0.0567473      -0.11613      
  3.22000175500E+09 -0.127026       -0.00571728     0.494536       -0.414368       0.47388        -0.42238       -0.06004        -0.110604     
  3.23000173250E+09 -0.125948        0.00162066     0.479533       -0.431013       0.459138       -0.438593      -0.0633311      -0.106258     
  3.24000171000E+09 -0.124805        0.0105033      0.466132       -0.447639       0.444678       -0.456524      -0.0647631      -0.101626     
  3.25000168750E+09 -0.123841        0.0182853      0.455832       -0.458156       0.426593       -0.475199      -0.0657464      -0.0966543    
  3.26000166500E+09 -0.121891        0.0280442      0.44587        -0.464757       0.406572       -0.49382       -0.0658604      -0.0918091    
  3.27000164250E+09 -0.118949        0.0368865      0.424373       -0.480894       0.38537        -0.511605      -0.06816        -0.0851587    
  3.28000162000E+09 -0.115765        0.0431589      0.383772       -0.510554       0.361615       -0.528131      -0.0741766      -0.0767418    
  3.29000159750E+09 -0.11271         0.0516423      0.336402       -0.548363       0.339122       -0.541892      -0.0812521      -0.0679106    
  3.30000157500E+09 -0.109308        0.0589613      0.302714       -0.571702       0.312457       -0.557485      -0.0837157      -0.0602669    
  3.31000155250E+09 -0.103924        0.0661717      0.273095       -0.593303       0.287352       -0.571904      -0.085373       -0.0551453    
  3.32000153000E+09 -0.0993068       0.073204       0.262592       -0.602979       0.264632       -0.584031      -0.0842433      -0.0508866    
  3.33000150750E+09 -0.0925647       0.079638       0.243036       -0.611988       0.242029       -0.59356       -0.0828196      -0.0449836    
  3.34000148500E+09 -0.0878248       0.0861462      0.219641       -0.62374        0.217517       -0.605756      -0.0823232      -0.0387893    
  3.35000146250E+09 -0.0810953       0.0924915      0.198843       -0.630872       0.193046       -0.615804      -0.0806901      -0.0329811    
  3.36000144000E+09 -0.0737264       0.098234       0.172343       -0.64035        0.162728       -0.625551      -0.0795965      -0.0264423    
  3.37000141750E+09 -0.0662897       0.103341       0.143566       -0.650377       0.13188        -0.635587      -0.0778239      -0.0207785    
  3.38000139500E+09 -0.058915        0.108736       0.12322        -0.654952       0.107564       -0.642176      -0.07522        -0.0145711    
  3.39000137250E+09 -0.0513082       0.112601       0.101829       -0.659859       0.0834492      -0.648596      -0.0721856      -0.00980013   
  3.40000135000E+09 -0.0444045       0.116994       0.0828571      -0.66611        0.0635868      -0.65334       -0.0702684      -0.00460037   
  3.41000132750E+09 -0.0382117       0.118455       0.0709684      -0.668715       0.0497996      -0.656093      -0.0665773      -0.00011895   
  3.42000130500E+09 -0.0322737       0.121072       0.0570572      -0.667622       0.033132       -0.654195      -0.0626144       0.00390482   
  3.43000128250E+09 -0.0233839       0.124317       0.0379569      -0.66779        0.0114673      -0.654387      -0.0592531       0.00867396   
  3.44000126000E+09 -0.0148871       0.125547       0.0112936      -0.667253      -0.018484       -0.654208      -0.0548664       0.0139165    
  3.45000123750E+09 -0.00398475      0.127319      -0.0221856      -0.666203      -0.0508826      -0.651661      -0.0500762       0.0188057    
  3.46000121500E+09  0.00545837      0.127425      -0.047085       -0.663251      -0.0832319      -0.647403      -0.0447414       0.0232767    
  3.47000119250E+09  0.0153144       0.126678      -0.0635157      -0.658853      -0.114249       -0.643019      -0.040344        0.0276304    
  3.48000117000E+09  0.0260743       0.125813      -0.0853751      -0.650142      -0.144642       -0.637643      -0.0345307       0.0313456    
  3.49000114750E+09  0.0359243       0.125276      -0.121418       -0.642757      -0.174823       -0.631703      -0.0289595       0.0356346    
  3.50000112500E+09  0.0448012       0.121744      -0.157321       -0.631162      -0.200511       -0.622448      -0.0227892       0.0392904    
  3.51000110250E+09  0.052427        0.119661      -0.201583       -0.62172       -0.225978       -0.614639      -0.016921        0.0418457    
  3.52000108000E+09  0.0619525       0.116315      -0.247054       -0.613326      -0.255532       -0.603897      -0.0103673       0.0436356    
  3.53000105750E+09  0.0717422       0.112669      -0.292497       -0.60273       -0.287818       -0.590644      -0.00221344      0.0451563    
  3.54000103500E+09  0.0810199       0.108547      -0.324481       -0.591473      -0.319021       -0.577818       0.00435459      0.0467365    
  3.55000101250E+09  0.0890596       0.106208      -0.343501       -0.587717      -0.340009       -0.571064       0.0112322       0.0481242    
  3.56000099000E+09  0.0955613       0.100777      -0.360452       -0.578646      -0.360522       -0.559396       0.0178471       0.0492296    
  3.57000096750E+09  0.103535        0.0947099     -0.381209       -0.565296      -0.382568       -0.544413       0.0244851       0.0497972    
  3.58000094500E+09  0.110719        0.0872739     -0.401647       -0.551312      -0.405996       -0.525081       0.0311323       0.049996     
  3.59000092250E+09  0.116862        0.0814562     -0.419569       -0.53612       -0.429136       -0.507453       0.0367977       0.0501873    
  3.60000090000E+09  0.123366        0.0732229     -0.440798       -0.516223      -0.451733       -0.48855        0.0438176       0.0485131    
  3.61000087750E+09  0.128748        0.0662294     -0.462718       -0.495804      -0.473383       -0.467593       0.0505912       0.0466936    
  3.62000085500E+09  0.13543         0.0581205     -0.486042       -0.475275      -0.49316        -0.446433       0.0578275       0.0447097    
  3.63000083250E+09  0.140075        0.0499462     -0.507395       -0.451227      -0.511856       -0.425966       0.0646085       0.0408442    
  3.64000081000E+09  0.14502         0.0411554     -0.528764       -0.42645       -0.531313       -0.403145       0.071315        0.0371621    
  3.65000078750E+09  0.15081         0.0318324     -0.551394       -0.408425      -0.549836       -0.380602       0.07803         0.0342001    
  3.66000076500E+09  0.154191        0.0230259     -0.569105       -0.385419      -0.565999       -0.356721       0.0853317       0.0305854    
  3.67000074250E+09  0.157088        0.0129506     -0.584577       -0.358164      -0.580912       -0.333189       0.0911503       0.024686     
  3.68000072000E+09  0.15984         0.00426204    -0.599653       -0.331807      -0.595127       -0.308899       0.0970984       0.0197768    
  3.69000069750E+09  0.161372       -0.00708687    -0.613226       -0.307194      -0.60766        -0.2827         0.102325        0.0137121    
  3.70000067500E+09  0.162192       -0.0170114     -0.626454       -0.280424      -0.619357       -0.258085       0.10822         0.00855463   
  3.71000065250E+09  0.1622         -0.0262804     -0.638815       -0.249888      -0.628926       -0.231669       0.113254        0.00204436   
  3.72000063000E+09  0.162837       -0.0361556     -0.64735        -0.221937      -0.638056       -0.204246       0.1175         -0.00444717   
  3.73000060750E+09  0.161598       -0.0467911     -0.656648       -0.190862      -0.646367       -0.176058       0.120964       -0.0123734    
  3.74000058500E+09  0.160756       -0.0582041     -0.666882       -0.160379      -0.656278       -0.145491       0.124624       -0.0194241    
  3.75000056250E+09  0.159506       -0.0689556     -0.674216       -0.134637      -0.663224       -0.117653       0.129151       -0.0261786    
  3.76000054000E+09  0.156891       -0.0778308     -0.681113       -0.109622      -0.669361       -0.0893261      0.132582       -0.0324466    
  3.77000051750E+09  0.153958       -0.087981      -0.687493       -0.0815758     -0.672458       -0.05957        0.136259       -0.0403091    
  3.78000049500E+09  0.150127       -0.0985291     -0.690092       -0.054006      -0.675091       -0.0292888      0.137343       -0.0470889    
  3.79000047250E+09  0.147422       -0.107         -0.697461       -0.0186762     -0.678601       -0.00306561     0.1392         -0.0568746    
  3.80000045000E+09  0.142654       -0.1165        -0.696209        0.00922975    -0.677494        0.0266674      0.139046       -0.0637012    
  3.81000042750E+09  0.136414       -0.124905      -0.693819        0.0324197     -0.674217        0.0560138      0.139439       -0.0701597    
  3.82000040500E+09  0.130621       -0.134224      -0.691606        0.0650088     -0.672098        0.0868458      0.139121       -0.0799008    
  3.83000038250E+09  0.124656       -0.143747      -0.688345        0.099525      -0.667266        0.117434       0.13784        -0.0897138    
  3.84000036000E+09  0.117445       -0.151376      -0.681005        0.132114      -0.660579        0.148227       0.135911       -0.0997312    
  3.85000033750E+09  0.110048       -0.160796      -0.674136        0.163005      -0.654127        0.178987       0.133247       -0.108772     
  3.86000031500E+09  0.101319       -0.167453      -0.664231        0.194213      -0.646772        0.207417       0.130499       -0.118274     
  3.87000029250E+09  0.0932157      -0.175854      -0.653992        0.224965      -0.636107        0.235072       0.126018       -0.12739      
  3.88000027000E+09  0.0835015      -0.181838      -0.640271        0.2521        -0.624915        0.263867       0.121258       -0.135615     
  3.89000024750E+09  0.0735883      -0.187563      -0.627934        0.281053      -0.612661        0.290555       0.116096       -0.144233     
  3.90000022500E+09  0.0633175      -0.193197      -0.612807        0.313909      -0.598675        0.317931       0.109686       -0.153413     
  3.91000020250E+09  0.0537677      -0.197053      -0.600805        0.348686      -0.583691        0.34415        0.103977       -0.163547     
  3.92000018000E+09  0.0430972      -0.200388      -0.585551        0.374791      -0.566787        0.368538       0.0984168      -0.170656     
  3.93000015750E+09  0.0325116      -0.204829      -0.570528        0.402602      -0.550709        0.395136       0.093756       -0.179583     
  3.94000013500E+09  0.0224836      -0.209656      -0.553718        0.430137      -0.532609        0.422377       0.0857477      -0.186781     
  3.95000011250E+09  0.0115411      -0.211174      -0.533551        0.448765      -0.513503        0.443981       0.0789948      -0.191099     
  3.96000009000E+09  0.000699676    -0.211934      -0.510647        0.46043       -0.492777        0.464459       0.0713524      -0.193142     
  3.97000006750E+09 -0.00901584     -0.214161      -0.492042        0.478005      -0.47699         0.484963       0.0646639      -0.196721     
  3.98000004500E+09 -0.0188076      -0.213479      -0.47175         0.496287      -0.457076        0.503828       0.0572082      -0.200589     
  3.99000002250E+09 -0.0302406      -0.215616      -0.449387        0.520009      -0.434052        0.528434       0.0481526      -0.206283     
  4.00000000000E+09 -0.0411166      -0.214762      -0.422541        0.54259       -0.412827        0.546478       0.0371106      -0.211209     
