# Created by Octave 2.9.9, Wed Jun 06 12:37:23 2007 CEST <josele@josele-laptop>
# name: S11dB
# type: matrix
# rows: 401
# columns: 1
 -5.994211818225995
 -6.04502030729464
 -6.052901912735456
 -6.070801801798602
 -6.078678635509927
 -6.084374245988849
 -6.084783868828552
 -6.098440865366955
 -6.09194692382709
 -6.09715183297828
 -6.105483690687358
 -6.108405762926127
 -6.114139105127741
 -6.121443218440742
 -6.135669706004161
 -6.14288423220155
 -6.134660505325016
 -6.152091279989649
 -6.145135829645422
 -6.16603828927839
 -6.166652761564643
 -6.174151685488488
 -6.187208425637321
 -6.189439858303007
 -6.200536789470501
 -6.20903124145355
 -6.223382600808186
 -6.233575488420336
 -6.245392574578039
 -6.254501725452553
 -6.253531510727283
 -6.276387815152134
 -6.283514891231579
 -6.289687204198959
 -6.297272736419284
 -6.316699998402665
 -6.317376682817198
 -6.344151188188468
 -6.352643852613359
 -6.373251826533357
 -6.380515634124922
 -6.395040268046815
 -6.416369050172026
 -6.428641502046032
 -6.442494319573834
 -6.468305435093699
 -6.48648525188746
 -6.494269470376084
 -6.513099898208877
 -6.536672799790329
 -6.550651410359952
 -6.574099004964852
 -6.593166732473574
 -6.618664449093812
 -6.628435555588973
 -6.649736490205691
 -6.66772723706722
 -6.700794081398142
 -6.736308137774526
 -6.751003197095726
 -6.771220250113645
 -6.788219685216256
 -6.802379527905971
 -6.840438585463292
 -6.883072469493455
 -6.924221652066395
 -6.949188295458829
 -6.984107914883268
 -7.021818245722228
 -7.040973197627622
 -7.079278708907505
 -7.119667992921795
 -7.150889698878585
 -7.193727602561384
 -7.225734422544071
 -7.254178923146528
 -7.302708613114167
 -7.329062251042902
 -7.386280444690291
 -7.41632567960525
 -7.462391415802147
 -7.520012718782341
 -7.551351742281243
 -7.602359749012794
 -7.660210283372971
 -7.701975688262083
 -7.764403151607297
 -7.814535158921
 -7.889148850712484
 -7.955938080654807
 -8.025065330444175
 -8.082612615682624
 -8.13008826648886
 -8.221322851334987
 -8.288455570080576
 -8.366257380133446
 -8.424835812324101
 -8.502876286890061
 -8.568277071526824
 -8.639297776557012
 -8.684216871393103
 -8.79342149122253
 -8.884405581249604
 -8.979101918917426
 -9.068821223107063
 -9.158039332443849
 -9.24603812391025
 -9.356783284755425
 -9.471315287509288
 -9.563634691098779
 -9.6668460460725
 -9.781167811602113
 -9.885321484995462
 -10.02990635619952
 -10.16743228151705
 -10.28986126304506
 -10.42862457202208
 -10.55940822218656
 -10.69736040596088
 -10.83589715980362
 -10.98055574406909
 -11.15494268800792
 -11.31973996857779
 -11.49188356400813
 -11.65424012019644
 -11.82571402233475
 -12.00784009136301
 -12.19056961634656
 -12.43046150178069
 -12.63236181638205
 -12.81281749277314
 -13.0374192683028
 -13.28789944093561
 -13.52661640522679
 -13.80266302427458
 -14.01921487134047
 -14.26658948744608
 -14.55725491997925
 -14.86407233923423
 -15.16565934838303
 -15.49116001743286
 -15.8228253984609
 -16.14984651979053
 -16.50012618287775
 -16.86260147989674
 -17.24235395777594
 -17.67674293796532
 -18.13082884925599
 -18.5779680081948
 -19.04539064116949
 -19.48943870685062
 -20.00108009758011
 -20.58096000075641
 -21.24490699870481
 -21.73617702266172
 -22.42810113217022
 -23.12226267014341
 -23.86658182989087
 -24.57229603591763
 -25.32651877368028
 -26.05361259712313
 -26.73410944139891
 -27.40286415426191
 -27.79724229871062
 -28.05559097397071
 -27.98162945923101
 -27.69944307426852
 -27.36429905352072
 -26.88250627157936
 -26.07597545239928
 -25.49080487994743
 -24.87913482030957
 -24.12927677973279
 -23.6826214007728
 -23.13908974434979
 -22.59300965573096
 -22.07685579525552
 -21.5688840078264
 -21.19763808321757
 -20.7613855904291
 -20.32403862450465
 -19.99782955899684
 -19.5803275785332
 -19.30098845938813
 -18.98477048694116
 -18.71275258659601
 -18.42199071811313
 -18.19132300557964
 -18.01716091327366
 -17.78938450037052
 -17.61176659752026
 -17.41033331523524
 -17.27234936947781
 -17.11873549309229
 -16.97043160912422
 -16.83923049527903
 -16.6780872155196
 -16.58299575579386
 -16.47766041209703
 -16.38811593917426
 -16.30369639915247
 -16.22717914643735
 -16.11817196397017
 -16.05288224263557
 -15.98068193765665
 -15.9702843432281
 -15.9271115467614
 -15.87793407947136
 -15.85830194551835
 -15.77908927759655
 -15.76664358927161
 -15.70555238796672
 -15.68537554223973
 -15.654062708278
 -15.72843749418801
 -15.68247280973009
 -15.63068467570101
 -15.6248790959991
 -15.63710084068104
 -15.63238944941789
 -15.62889534809303
 -15.58998073118994
 -15.61799939849316
 -15.60679245926173
 -15.63445448128909
 -15.61462962397968
 -15.59584648511162
 -15.59467410386952
 -15.63720732885712
 -15.66064783662219
 -15.64815212336456
 -15.6234474747151
 -15.63274040181678
 -15.66122074399991
 -15.66864544539728
 -15.74098847192073
 -15.7470393316031
 -15.73003491557552
 -15.74590063969577
 -15.71751731724636
 -15.73700630057034
 -15.76009957425509
 -15.80303043026646
 -15.82740330062404
 -15.87120362159157
 -15.86866925955041
 -15.89445578620283
 -15.89091126819117
 -15.92071263802936
 -15.93583270152756
 -15.92153709966754
 -16.00987812241271
 -15.99077173062024
 -16.04699839022187
 -16.05874062787
 -16.05821178511643
 -16.02073038807239
 -16.0928574370288
 -16.11610862300176
 -16.13627800046531
 -16.17109756085188
 -16.1685830964242
 -16.15353894242474
 -16.20048963132054
 -16.25168279052881
 -16.26699172389029
 -16.30631326921788
 -16.37374905827181
 -16.33298612607646
 -16.36932451809525
 -16.37823608116793
 -16.41161393491704
 -16.45315497641685
 -16.46925592084474
 -16.51649958277982
 -16.52145767687756
 -16.58109778502439
 -16.6099678084238
 -16.57874036520435
 -16.62774870095642
 -16.60316658548992
 -16.68829014540776
 -16.66773849226646
 -16.71852658007335
 -16.7658932221023
 -16.75025261567259
 -16.7776037765465
 -16.79573441336123
 -16.81464989843413
 -16.85847683215465
 -16.84246261878598
 -16.84620205834312
 -16.90580907729999
 -16.84588320162725
 -16.86018145831274
 -16.98286302711413
 -16.98483518191932
 -16.98507356877228
 -17.05495713883527
 -17.12871086770046
 -17.1244057817331
 -17.20927566261316
 -17.27498746328649
 -17.34519505744716
 -17.3114231837004
 -17.41265852785144
 -17.39176072567478
 -17.514648647399
 -17.52790857019939
 -17.60829514188843
 -17.62005064020519
 -17.68581594122321
 -17.67823250115089
 -17.69019136882154
 -17.73421741281471
 -17.74420938266909
 -17.75348567400209
 -17.80053018400843
 -17.84365535980553
 -17.89632776309319
 -17.90374607290305
 -17.906708070759
 -17.91335856943414
 -17.9954554560648
 -18.04470974489794
 -18.04904800398299
 -18.05655162204976
 -18.09402805387857
 -18.16325216067836
 -18.13312817091743
 -18.11784012707761
 -18.18759938906282
 -18.17566339972269
 -18.26509694030116
 -18.20035845891303
 -18.20128773656991
 -18.21440267411788
 -18.21780518268576
 -18.15464860401728
 -18.14981790798551
 -18.05226112054081
 -18.09900331919535
 -18.04099769573134
 -17.95838672626012
 -17.96323360856529
 -17.8978836793843
 -17.88694550946716
 -17.88296343125903
 -17.82285017589849
 -17.69943871015563
 -17.73948165524021
 -17.67834026216186
 -17.60267906738112
 -17.48574798562819
 -17.36442622641914
 -17.16433036879443
 -17.14713572988593
 -17.05766164084638
 -17.01683453994651
 -16.92678580093173
 -16.8653852762527
 -16.78559391281652
 -16.63154627408155
 -16.55300713601826
 -16.43504376517923
 -16.24209173948036
 -16.14303364093226
 -16.04772225093271
 -15.9232038848762
 -15.83506843150124
 -15.75189675251325
 -15.68644287668434
 -15.55594233894794
 -15.48162608559776
 -15.34168082444774
 -15.20035642893077
 -15.13251967369699
 -15.02466050334002
 -14.91522807903483
 -14.79094220214245
 -14.69513253518958
 -14.65846438062265
 -14.54966069930375
 -14.4126361697508
 -14.35239023771295
 -14.20606118393633
 -14.16732663148614
 -14.02153538779389
 -13.97532411096689
 -13.9152620400267
 -13.83690604110583
 -13.79646848178648
 -13.76619208683531
 -13.66411136550404
 -13.5201930243507
 -13.49423868026123
 -13.47593996599569
 -13.37750218950671
 -13.3793183467585
 -13.24178108795854
 -13.20451358692081
# name: S11rad
# type: matrix
# rows: 401
# columns: 1
 -3.14044440706191
 3.098251441069705
 3.06548556574322
 3.02966803806833
 2.998023859464976
 2.963479093488171
 2.929733229258338
 2.897042248625044
 2.863835889162422
 2.830189609280322
 2.797090194423712
 2.763706050479559
 2.730020080110249
 2.696569292262751
 2.662010643955555
 2.629619083672151
 2.596238192898261
 2.563705727810878
 2.529135585246087
 2.496533676067765
 2.462704221257763
 2.429488561239957
 2.395970131445961
 2.362428177927458
 2.328580888225793
 2.296437748873258
 2.262301579105963
 2.228240396574297
 2.194747558137275
 2.16211141997203
 2.128743227927908
 2.095358204944275
 2.062767098375782
 2.03025361030468
 1.99609318930567
 1.962725365446361
 1.928189257504171
 1.89437577678534
 1.86272124028172
 1.829593868331626
 1.794555668631578
 1.761725461596723
 1.726873234470296
 1.694057287962261
 1.659703489625333
 1.627525594367447
 1.593767908122581
 1.557875014122275
 1.526177382401864
 1.490906044432352
 1.458837051237598
 1.425960520958862
 1.393701988299425
 1.360288337010325
 1.326263502768081
 1.291047345071962
 1.258746664152829
 1.225204277925877
 1.19252901224365
 1.159311661379441
 1.125908001486438
 1.091937094776328
 1.058131258457735
 1.023455989623673
 0.9889492371468869
 0.9564921506639456
 0.9198925951057081
 0.8878093461999322
 0.8500927509384204
 0.8179519040217639
 0.783239899113823
 0.7480079680238099
 0.7137484796880259
 0.6784512429772449
 0.6445594135200006
 0.6093258338269895
 0.5742048859400253
 0.5400558294119484
 0.5060229952130291
 0.4719286104578033
 0.4362776894252011
 0.401847296061488
 0.3648979012083254
 0.3318827663794824
 0.2974591272417542
 0.2624466650230956
 0.2269714377863281
 0.1894297776077101
 0.1541375432987716
 0.1193370655407967
 0.08588067348030166
 0.05049736012806408
 0.01319881019586956
 -0.02510116576938263
 -0.06108602165538004
 -0.09422976262961553
 -0.1297544519857489
 -0.1667597063232674
 -0.2023429948296874
 -0.2379347661498662
 -0.278961916002918
 -0.3131457506802084
 -0.3501163371919319
 -0.3872295466730878
 -0.4242942941200051
 -0.4663084368600018
 -0.5016403009471929
 -0.5404351123732863
 -0.5774753127303188
 -0.6115818554046686
 -0.6499054367617288
 -0.6871028777313317
 -0.7273128094222127
 -0.7635420037708041
 -0.8024138392736897
 -0.8387601252767783
 -0.8775081356128702
 -0.9192736371575499
 -0.9587953273257349
 -0.9989827150961613
 -1.035490782939781
 -1.073747107715455
 -1.113294295579092
 -1.151644419124582
 -1.191734937237687
 -1.234230337754782
 -1.271901637526957
 -1.310111756680893
 -1.347278895455069
 -1.386967603223093
 -1.426541123840633
 -1.462298496770145
 -1.505938183019102
 -1.543716135314251
 -1.580294037299491
 -1.622914666480332
 -1.659301550124361
 -1.702367546601064
 -1.73792016654977
 -1.777626971964449
 -1.814760981037573
 -1.854063665241342
 -1.888492994736658
 -1.927656275100595
 -1.964590435981446
 -2.003058586482656
 -2.028180594550456
 -2.064647307627601
 -2.081577686157086
 -2.117991805051349
 -2.149558350060553
 -2.177299596101463
 -2.196168399786103
 -2.215031446480374
 -2.227895630241189
 -2.228073064166315
 -2.230278620666437
 -2.231269367548295
 -2.207172907111115
 -2.168710264299949
 -2.117145108746736
 -2.065828984627646
 -1.979895152296524
 -1.860501103624435
 -1.766972752454705
 -1.670140491697288
 -1.563849914019307
 -1.488876068107764
 -1.421079875427734
 -1.356838261606998
 -1.31926188135093
 -1.288388276955081
 -1.290152876852405
 -1.299077837275194
 -1.299686131760896
 -1.30291442337438
 -1.323767911144698
 -1.346839287026515
 -1.371737651804941
 -1.409020612332416
 -1.444699094329116
 -1.470328461073376
 -1.517991562158769
 -1.556971517852809
 -1.609170673329242
 -1.646419500973926
 -1.697969148197389
 -1.745278582347232
 -1.796084645864858
 -1.839355965612181
 -1.891090736888674
 -1.943760338747956
 -1.999961775059836
 -2.045599475050828
 -2.093003246452958
 -2.141958513829124
 -2.192356767677777
 -2.24549722464931
 -2.300954058498923
 -2.345202538002282
 -2.399116359222448
 -2.452115101491842
 -2.504535177750314
 -2.558637143844225
 -2.612512724616361
 -2.668225746132812
 -2.719795718561298
 -2.774699111043825
 -2.833200551473993
 -2.888947212683215
 -2.93768012189489
 -2.994181700569744
 -3.044283603877822
 -3.098383636594236
 3.124919519869508
 3.075274962327769
 3.023981213124252
 2.967794156036761
 2.915698770021909
 2.861683374300271
 2.809741069575529
 2.753403577134495
 2.694591115702444
 2.641308415640634
 2.584941971516754
 2.531879360201328
 2.474894783892076
 2.415003322635303
 2.358817538815595
 2.303056226379756
 2.247141199594677
 2.195058165431298
 2.144017508272416
 2.086168471585149
 2.031713155938401
 1.975144831364153
 1.921228055202788
 1.86440730361945
 1.808278047825656
 1.751993146704687
 1.705847145785315
 1.649295738249007
 1.589193789419352
 1.535072920848851
 1.474389479615463
 1.422969967335809
 1.373670320283094
 1.31185918978434
 1.254830694738566
 1.196840207406222
 1.136234880534323
 1.086661965137756
 1.029483975023383
 0.9779340885190431
 0.9209496477802467
 0.864297599623239
 0.809219370112953
 0.7486961663323359
 0.6888857995686301
 0.6386535711989246
 0.5840098752881103
 0.5283078377797062
 0.4643845770103143
 0.4021899077463899
 0.3497247304105872
 0.3020690605584529
 0.2445573100280797
 0.1888539662407093
 0.132670457503379
 0.07627300824370174
 0.0211224859829983
 -0.04599836630539728
 -0.09744816280611399
 -0.1506685363894795
 -0.2051508728866564
 -0.2640080200424731
 -0.3304735747598239
 -0.3907678572597759
 -0.4430543378354015
 -0.4959951514231521
 -0.54823321594616
 -0.604959442855888
 -0.6655445945890959
 -0.723662501411512
 -0.7836634414263878
 -0.8328973758816546
 -0.8896270022271376
 -0.9534072371844881
 -1.01063662176056
 -1.086507552146929
 -1.161218485638842
 -1.210370375675513
 -1.255234221146298
 -1.320470744362906
 -1.380769571068453
 -1.434804656343858
 -1.489652522482177
 -1.541989975863907
 -1.594016595842878
 -1.656349994151033
 -1.713430322197035
 -1.775539315990962
 -1.83952820514546
 -1.888748648213145
 -1.949021008391154
 -2.00463653481873
 -2.067278014715757
 -2.131275537481064
 -2.196743995000571
 -2.251547097108324
 -2.318447313210612
 -2.381309156335859
 -2.432736239722284
 -2.500636312362455
 -2.571601514897439
 -2.631091141971408
 -2.697559703367056
 -2.753555586249581
 -2.831662635513177
 -2.900982548905167
 -2.962482405477793
 -3.031100144206089
 -3.096614271031801
 3.128725672291022
 3.057632810265693
 2.995000389409418
 2.915452036238231
 2.840892569988756
 2.784739190449921
 2.711950993893307
 2.646920044250872
 2.574601540572625
 2.506366446088862
 2.431120731353198
 2.365842925342061
 2.290637262834018
 2.214628969464139
 2.141148577220477
 2.067335209113016
 1.998350280645285
 1.933545780099548
 1.882841580894326
 1.831304896640235
 1.756722844270688
 1.688823108441964
 1.602083485109418
 1.527986555423448
 1.450487819945421
 1.366442817030994
 1.291529004967169
 1.21818100399289
 1.157857738996126
 1.081389138968804
 1.003790804386654
 0.9296007219310274
 0.8729934329155963
 0.8119567799625704
 0.7409113826996581
 0.6675331710066437
 0.6087292030428525
 0.5356574248624609
 0.4751099084834686
 0.4053849384678765
 0.3425136230703809
 0.2765208112053882
 0.2080227040425354
 0.1482381663262038
 0.08225567144801432
 0.02665809772267412
 -0.04388815434680435
 -0.1045022521794694
 -0.1606287596297268
 -0.2184910344853154
 -0.281844559839069
 -0.3473823407379418
 -0.4080436364069324
 -0.4605082939393582
 -0.5191705961054606
 -0.5807947928618867
 -0.6278373103924042
 -0.6848180218860924
 -0.7413846498913855
 -0.7990015078103394
 -0.8564066925771849
 -0.9109557214306874
 -0.9706203818547178
 -1.026665032897589
 -1.083379680622392
 -1.140311301562415
 -1.196911563155294
 -1.254092326389418
 -1.304421600970961
 -1.358954439401772
 -1.413383928969289
 -1.463964187746648
 -1.516198554179852
 -1.567494952508287
 -1.612869904466291
 -1.658669915093325
 -1.710139528122437
 -1.759959243683492
# name: SN1dB
# type: matrix
# rows: 401
# columns: 1
 -6.035417630086513
 -5.914368957089479
 -5.914719315108678
 -5.931887764504154
 -5.930896367243753
 -5.929375402722421
 -5.927317536585482
 -5.921893970980197
 -5.924017467518498
 -5.929566189094363
 -5.924920895716209
 -5.917201226657673
 -5.920533197031112
 -5.921518339637716
 -5.914032393913077
 -5.932250798624246
 -5.916492254156314
 -5.928852756691324
 -5.926551695295975
 -5.924493146696502
 -5.923388343490234
 -5.920371765595156
 -5.919817062829429
 -5.927658459417243
 -5.929228809865275
 -5.920507126777443
 -5.909720575944268
 -5.923786426369419
 -5.935848033758652
 -5.920787055693964
 -5.90313120976348
 -5.91804271549144
 -5.921621664700235
 -5.910950082339297
 -5.902051705789241
 -5.899633152432732
 -5.899511060153795
 -5.88938790204385
 -5.892237658686527
 -5.89637245323348
 -5.883322894712043
 -5.873570633612557
 -5.861125506532846
 -5.855247107588913
 -5.862885748507473
 -5.857126986039827
 -5.848944205889762
 -5.842624454624103
 -5.82998405440796
 -5.826196941956728
 -5.829321248405322
 -5.823289048308858
 -5.8169711477436
 -5.812841785306581
 -5.796764478808547
 -5.785503571611008
 -5.776689539260965
 -5.778579286483332
 -5.758797676689882
 -5.745397108889878
 -5.740705489753955
 -5.721309923272436
 -5.704074970043448
 -5.698758116111417
 -5.689118386545894
 -5.686752456917018
 -5.674492830422444
 -5.654908875043976
 -5.643127278940266
 -5.628822624234222
 -5.608286862384839
 -5.599948355104612
 -5.578377773995522
 -5.575611569502556
 -5.553883870570405
 -5.543437275441518
 -5.515346646177559
 -5.496269971780259
 -5.491952613856022
 -5.472030107815079
 -5.449060968473841
 -5.435690794101235
 -5.422522822763285
 -5.400027467266288
 -5.385095971359113
 -5.363101574723204
 -5.342393512387099
 -5.31251690306208
 -5.307473765647463
 -5.28463516574118
 -5.258176947514967
 -5.235170129564441
 -5.219652721330732
 -5.197627368313531
 -5.185286445357536
 -5.160445706175367
 -5.143014584487543
 -5.125389779408284
 -5.084337668665849
 -5.065994236950409
 -4.986867739023167
 -5.022309990539538
 -5.006229182990793
 -4.97022950347014
 -4.954487691694961
 -4.914556012210724
 -4.905500391985339
 -4.889268189693113
 -4.864217099725586
 -4.826935238493848
 -4.820094930750888
 -4.768313253740581
 -4.739250193954899
 -4.719921653466041
 -4.68490215360961
 -4.660462725532952
 -4.620226270136341
 -4.593495511654956
 -4.578038014675221
 -4.546600306474467
 -4.515857224581023
 -4.499605965227684
 -4.46739939302724
 -4.442979407122619
 -4.390577524479642
 -4.346992034543637
 -4.297833844349052
 -4.254284954778337
 -4.240817892459317
 -4.206764434527249
 -4.192054758203314
 -4.153475019057685
 -4.113056406103908
 -4.080767192548763
 -4.035976955284192
 -3.982967654367296
 -3.965786664338148
 -3.924767832267259
 -3.890019447202469
 -3.868714220354524
 -3.808050375060674
 -3.735009211147156
 -3.707125242129873
 -3.66760161365149
 -3.604926780401197
 -3.584406553357278
 -3.562671798207371
 -3.50225581486945
 -3.476615063452553
 -3.423251094518792
 -3.366201449723173
 -3.304931598366339
 -3.269418929705305
 -3.211961787163367
 -3.1796845125175
 -3.130232193476734
 -3.084161106544494
 -3.028713330494587
 -2.98995729381231
 -2.93847998340021
 -2.893536690766074
 -2.850511166632022
 -2.810210762926052
 -2.755528442177638
 -2.718107688429556
 -2.664629760868936
 -2.622280047149222
 -2.570612870627046
 -2.535580251771387
 -2.50867514837057
 -2.459478342601089
 -2.424998868814861
 -2.382373385840745
 -2.348769473594222
 -2.314122882342462
 -2.28893262630589
 -2.265840492507267
 -2.230579527634399
 -2.195815287237924
 -2.152243887333456
 -2.125702098851425
 -2.115297264642105
 -2.083736138937893
 -2.070635416828
 -2.05211715471337
 -2.034001119710554
 -2.018814620381021
 -2.006690270900503
 -1.996646627589986
 -2.001578268542857
 -1.984004018113868
 -1.988556000510802
 -1.968868049987658
 -1.978430142992811
 -1.985183493279107
 -2.010425102324538
 -2.029147027283664
 -2.028723595203296
 -2.02615538023392
 -1.99927402202764
 -2.017537136105631
 -2.033073735919019
 -2.049833004462203
 -2.064142896222211
 -2.08532545371934
 -2.11913971609317
 -2.150512430040433
 -2.169548711106786
 -2.188557662822354
 -2.199303167272703
 -2.215147508594332
 -2.238884854674321
 -2.269201702623479
 -2.28583828926656
 -2.289363553894939
 -2.321145382276786
 -2.322109213311937
 -2.377537111137682
 -2.408684898657673
 -2.378029600417453
 -2.424668802946009
 -2.449828287011399
 -2.470870199573037
 -2.497502735519475
 -2.528677723067461
 -2.527461782977042
 -2.535315028767191
 -2.596062235700592
 -2.664944466742
 -2.688715435910715
 -2.715887085197061
 -2.731500474302007
 -2.808167639224912
 -2.845396208073709
 -2.846398888955563
 -2.861992265838263
 -2.897566722484158
 -2.931227171597134
 -2.971598136229959
 -3.004962474030439
 -3.043808456835324
 -3.099986712973459
 -3.117263784746505
 -3.097601026478409
 -3.063687253703494
 -3.059037233211768
 -3.164451203987444
 -3.259632860867168
 -3.202214420114672
 -3.209492977542708
 -3.259794340144481
 -3.296478866562115
 -3.319838746977039
 -3.313301076472225
 -3.37147115064599
 -3.405551343755983
 -3.42313262577901
 -3.448396054847993
 -3.448873182889991
 -3.448465758981567
 -3.477265747292674
 -3.52498797987787
 -3.503760410235377
 -3.48607863887481
 -3.503744246114743
 -3.553489862003238
 -3.576347092149336
 -3.599229468899168
 -3.609917702800771
 -3.601455357252478
 -3.636371804881754
 -3.646834549751286
 -3.662151254351831
 -3.688596688965537
 -3.69842181993584
 -3.709511356474206
 -3.730838905901126
 -3.705173765152577
 -3.713529465116013
 -3.703967836255928
 -3.677641377845904
 -3.732891028069098
 -3.761694224144185
 -3.784984501063748
 -3.753101632715517
 -3.738121310499499
 -3.785253176218559
 -3.80012579542317
 -3.779143403935397
 -3.831920810691749
 -3.909966068351467
 -3.970148507130884
 -4.031096526906909
 -3.980508380296594
 -3.985732883313957
 -4.012421098054882
 -4.008239586600895
 -3.966627708398882
 -3.895973838587335
 -3.865782698193064
 -3.828414945106751
 -3.825853298625072
 -3.820984489062635
 -3.819828437813765
 -3.842684176494407
 -3.868206544877543
 -3.86936060035492
 -3.860323604821621
 -3.858665330596096
 -3.860203916821908
 -3.86523493394622
 -3.853931662178315
 -3.839785181598444
 -3.848741032906819
 -3.842478842967409
 -3.847544620452945
 -3.823542277704892
 -3.834353519158487
 -3.827312810735932
 -3.810280787644008
 -3.832148430777149
 -3.811985238684819
 -3.806283353970259
 -3.811947937695868
 -3.791774114319217
 -3.791462002133094
 -3.821621674130018
 -3.857869333115252
 -3.893969643358772
 -3.831378522057096
 -3.783263903414628
 -3.699900126617286
 -3.639754983591626
 -3.629149237618249
 -3.592267233073414
 -3.589842038100048
 -3.567939226015914
 -3.530070542156528
 -3.524749383779604
 -3.508764534645399
 -3.462398185278864
 -3.4465382128534
 -3.477781707700047
 -3.493193476322567
 -3.512945340198438
 -3.523054688089645
 -3.544609327110797
 -3.584054145197699
 -3.665582817610775
 -3.686791377100942
 -3.735412010788224
 -3.693977665500704
 -3.593154152008724
 -3.479104318972439
 -3.418662267704553
 -3.340400258411251
 -3.327742120589344
 -3.326592596730511
 -3.322993980716463
 -3.339851187646967
 -3.364978380439123
 -3.373086828358878
 -3.352422737045545
 -3.362468008026596
 -3.358744365763381
 -3.271208159910424
 -3.256640885652946
 -3.278913127198833
 -3.281982972629649
 -3.275195025350675
 -3.269032741700884
 -3.274139583643957
 -3.294590990936039
 -3.301116599827791
 -3.274837340993757
 -3.25419601154047
 -3.224551835233451
 -3.193914508917539
 -3.195342934643778
 -3.126488532558542
 -3.144444121730587
 -3.16560434536548
 -3.16462177078171
 -3.154023064822619
 -3.176545993432699
 -3.178278586947651
 -3.197356562095533
 -3.202861925364738
 -3.246787661136113
 -3.248709306612077
 -3.241563545723294
 -3.164589628838133
 -3.15748819155564
 -3.119447029495141
 -3.083691657531231
 -3.133041356603258
 -3.253628187500362
 -3.273535129911571
 -3.289671459467875
 -3.257286919397711
 -3.251895408219267
# name: SN1rad
# type: matrix
# rows: 401
# columns: 1
 0.003319944929117194
 -0.02892297360749948
 -0.06675426318829811
 -0.1072217296321521
 -0.1456559692881202
 -0.1852583002695976
 -0.223983866596676
 -0.2627647212919135
 -0.3032245635565575
 -0.3429294167623122
 -0.3815139417736776
 -0.4197321358650423
 -0.459463647682419
 -0.498774987115665
 -0.5381850158939104
 -0.5774050333502523
 -0.6166081028299604
 -0.656206142458111
 -0.6945042121859895
 -0.7331907456378667
 -0.7732115586775327
 -0.8114903847924366
 -0.8505808223465172
 -0.8898816811547079
 -0.9279419785470627
 -0.9663925451757829
 -1.006229324222401
 -1.043805294776519
 -1.084113837266448
 -1.122243602693613
 -1.160211890290833
 -1.197907758603618
 -1.236622202537147
 -1.274470290019929
 -1.312173411255309
 -1.350301271308532
 -1.391152630135093
 -1.429937120937371
 -1.466299966999959
 -1.506057821293754
 -1.54387409812356
 -1.583295813453618
 -1.623378862058821
 -1.661624899362962
 -1.700937478388695
 -1.739489903469549
 -1.777466761399241
 -1.816146147050087
 -1.854850662100572
 -1.892743550671713
 -1.931283459975617
 -1.970353046344195
 -2.007082276902809
 -2.046747989391792
 -2.085997417483956
 -2.125630781786716
 -2.162857476573036
 -2.203150947585802
 -2.241222095222085
 -2.277944507937792
 -2.316414804861166
 -2.356962358700363
 -2.395586968422724
 -2.433595381482227
 -2.470760797669718
 -2.508676202928166
 -2.547718140070887
 -2.58717032915013
 -2.624989428282244
 -2.665096901519025
 -2.702244039111986
 -2.742839507953613
 -2.78051593157446
 -2.821082295354427
 -2.857127886315103
 -2.895917471380883
 -2.934520054063876
 -2.972537175338621
 -3.010728559732895
 -3.052513021593935
 -3.087849700409411
 -3.127563501706687
 3.114673803537668
 3.076305993166667
 3.03805133859753
 2.999046912735946
 2.958842878793748
 2.916918042918552
 2.87678340062543
 2.842247879217623
 2.803726236833617
 2.767498391563599
 2.724380524330978
 2.685323402337046
 2.645795392034306
 2.608081314741796
 2.569163974390869
 2.525975207061645
 2.488509915826892
 2.454353789412793
 2.413753568166584
 2.376133265271461
 2.336790997037321
 2.297543160145934
 2.256284623719931
 2.219274032724632
 2.178776060816334
 2.138331619794274
 2.101445197520938
 2.052401790968358
 2.017085315028256
 1.981472246013003
 1.942628589926113
 1.903029743703459
 1.863377481313788
 1.824455647154757
 1.783294904868003
 1.744763693442904
 1.703103326802712
 1.666477261980351
 1.628443624544867
 1.58730446089395
 1.544543191375283
 1.507693377958678
 1.466249080437877
 1.423912479857381
 1.383788832224844
 1.345595737471087
 1.305812909331385
 1.266643832313708
 1.22847278834234
 1.190021549524702
 1.146961949891016
 1.107642348839877
 1.063425457072467
 1.01888538704892
 0.9859882256641422
 0.9407805085026916
 0.9064288271322558
 0.8691589147095784
 0.8211230593533421
 0.7786955798697427
 0.7377220850184757
 0.6961876411208503
 0.6543694065047038
 0.6132499535007602
 0.5776321807565064
 0.5333538586534593
 0.4951264620969431
 0.4474377214045279
 0.4042819934580989
 0.3629472042458635
 0.3260853598925893
 0.2817591345834448
 0.2385169565318177
 0.1973817807446855
 0.1543332764826356
 0.1107299178340799
 0.0660996544525861
 0.018022574909185
 -0.02633486854295526
 -0.06756585392870618
 -0.1120156066500535
 -0.1585196535286524
 -0.2001108376944225
 -0.2452262040286845
 -0.2916047280890534
 -0.3370008708085653
 -0.3857610195051292
 -0.4259755901339362
 -0.4664096016580481
 -0.5112895445317232
 -0.5612947796046491
 -0.6102188997755347
 -0.6525270326249425
 -0.7040686379552659
 -0.7501872383525471
 -0.7939665274335065
 -0.8385184380410888
 -0.8835479801526025
 -0.9338671111260041
 -0.9795887364343959
 -1.028036861663332
 -1.078040623863653
 -1.123823081933888
 -1.171408909468194
 -1.216746690595836
 -1.262207756568201
 -1.312982351040999
 -1.362644080344154
 -1.407130932117586
 -1.454826805063422
 -1.502226367462312
 -1.547761105021708
 -1.592323861735964
 -1.643958877590023
 -1.701960641341014
 -1.751076532019138
 -1.800104500900454
 -1.837766013932081
 -1.883352633045054
 -1.931312314731139
 -1.978571497047486
 -2.021900385512525
 -2.06411608986067
 -2.1111039764371
 -2.157039295724421
 -2.204969894468479
 -2.251443118770219
 -2.298238838465453
 -2.345606323141247
 -2.389350721986057
 -2.433276106174689
 -2.473646400572764
 -2.517355219985581
 -2.560855242266705
 -2.605249279805237
 -2.646656117106566
 -2.690745949690747
 -2.747712373492168
 -2.791133662288426
 -2.83491534407035
 -2.878116860044037
 -2.922834490053767
 -2.967821209586573
 -3.009480472426104
 -3.053083122601702
 -3.089881095696944
 -3.131820907971722
 3.105074273654429
 3.060221013574822
 3.019059658655462
 2.975441802255927
 2.931197692936612
 2.883777947543396
 2.839481750045913
 2.797949888466769
 2.760715704684392
 2.72219510640161
 2.679805850932191
 2.643971987439587
 2.602924057308213
 2.554446181238902
 2.497522144919299
 2.448427570251446
 2.414686939011795
 2.392831005503488
 2.35439249749631
 2.291387931519282
 2.256580103496625
 2.225882583623371
 2.18075070155095
 2.142104748610236
 2.100378681765538
 2.054955796597675
 2.012625309561978
 1.970893150041625
 1.933238084608523
 1.892894017491158
 1.84750953358503
 1.812524384256766
 1.773920692827498
 1.727653528808073
 1.684148550683475
 1.642921528481706
 1.606135902395656
 1.567756073034392
 1.522953633427599
 1.488059387315354
 1.449860851387042
 1.404269104690309
 1.362542460504278
 1.32036007201054
 1.278736413394985
 1.234238541647302
 1.1961487517568
 1.154790947871124
 1.112338609226117
 1.071561709376156
 1.040537948016497
 1.001528258251856
 0.9570188647895254
 0.9171267784694164
 0.8816059957223179
 0.8414045194418092
 0.8001536885166917
 0.7722112375081216
 0.741174029174469
 0.7119289712684773
 0.6889677992645346
 0.6468484002533602
 0.6152446786225805
 0.5507581141191686
 0.4732451269869749
 0.4413322962492476
 0.395310243544878
 0.3416703969493014
 0.2828779540133987
 0.2253363109662245
 0.1859196969455034
 0.1474006542620384
 0.1111493067219013
 0.07705603076917561
 0.04628823436358524
 0.02328311966806921
 -0.008481175266361109
 -0.04546662278359479
 -0.08724467794989353
 -0.130284599852251
 -0.1693863845322337
 -0.2114171411491814
 -0.2526827862677511
 -0.288531613916386
 -0.3314639888547966
 -0.373634341218314
 -0.415692324738802
 -0.4574155351560504
 -0.4952482207104257
 -0.535156162384598
 -0.5765809016901359
 -0.6207186192878102
 -0.6594825215854978
 -0.6974228995666966
 -0.7321618037498965
 -0.7651628135939024
 -0.7879408608853117
 -0.806135844645601
 -0.847752946624114
 -0.9262224250295394
 -1.020534224275675
 -1.083831196383988
 -1.139413305266253
 -1.160073270325808
 -1.192770477655742
 -1.23222032112051
 -1.265464891203417
 -1.307887395002552
 -1.35353768285093
 -1.384834120600332
 -1.417684793822456
 -1.44704247002479
 -1.465065558236229
 -1.485540162797542
 -1.514017844343739
 -1.553872428741118
 -1.604085585805236
 -1.641668650228492
 -1.66690278190492
 -1.701366834037477
 -1.757498192611177
 -1.815074758228905
 -1.884335594846891
 -1.953722983965107
 -2.022604362780748
 -2.07256263261601
 -2.09971595913596
 -2.127900796384302
 -2.164101312486503
 -2.200414053207134
 -2.234838818143803
 -2.2775447895855
 -2.321690463135483
 -2.36739428152949
 -2.414720015143117
 -2.462898742959271
 -2.5040614212724
 -2.546307738992136
 -2.591895085287254
 -2.636195132489863
 -2.677187373146134
 -2.720705522539021
 -2.76871773014045
 -2.811311293709136
 -2.858725567032823
 -2.905583634700376
 -2.944491184783279
 -2.982015731781134
 -3.023487954115589
 -3.063492704183114
 -3.114821639694522
 3.128336276063902
 3.094900164306684
 3.047871157860642
 2.998001801982436
 2.949974297477945
 2.904347922999687
 2.857134133361631
 2.810284290597541
 2.76649486023116
 2.720749971048926
 2.668194930868811
 2.615736022808665
 2.572232989023212
 2.527074365883216
 2.481149027773645
 2.442293453552387
 2.407861153311226
 2.370663913190639
 2.330852744796147
 2.283471415371237
 2.232443875290802
# name: S11
# type: complex matrix
# rows: 401
# columns: 1
 (-0.501521,-0.00057587)
 (-0.498128,0.021603)
 (-0.496702,0.0378757)
 (-0.494008,0.0555237)
 (-0.491558,0.07106129999999999)
 (-0.48849,0.08793860000000001)
 (-0.485222,0.104365)
 (-0.480795,0.11998)
 (-0.476903,0.135978)
 (-0.471776,0.151853)
 (-0.466045,0.167222)
 (-0.460049,0.182623)
 (-0.453338,0.197883)
 (-0.446091,0.212755)
 (-0.437756,0.227668)
 (-0.429796,0.241525)
 (-0.421895,0.255977)
 (-0.412517,0.269024)
 (-0.403295,0.283348)
 (-0.392898,0.295631)
 (-0.382647,0.308729)
 (-0.371862,0.320989)
 (-0.360354,0.33277)
 (-0.348902,0.344579)
 (-0.336611,0.355734)
 (-0.324687,0.36601)
 (-0.311491,0.376256)
 (-0.298147,0.386192)
 (-0.28466,0.395421)
 (-0.271321,0.404075)
 (-0.257718,0.412948)
 (-0.24315,0.420213)
 (-0.22914,0.427562)
 (-0.214967,0.434476)
 (-0.199828,0.441179)
 (-0.184585,0.4466)
 (-0.169041,0.452672)
 (-0.153168,0.456718)
 (-0.138501,0.460886)
 (-0.122868,0.464118)
 (-0.106445,0.467746)
 (-0.09088209999999999,0.470201)
 (-0.0742601,0.471922)
 (-0.0586534,0.473435)
 (-0.0422902,0.474413)
 (-0.0269252,0.474117)
 (-0.010885,0.473763)
 (0.0061176,0.473424)
 (0.0210727,0.471968)
 (0.0376009,0.469655)
 (0.0525557,0.467455)
 (0.0677098,0.46422)
 (0.08246580000000001,0.460782)
 (0.0975266,0.456428)
 (0.11287,0.452337)
 (0.128411,0.446985)
 (0.142484,0.441689)
 (0.156619,0.435003)
 (0.17005,0.427901)
 (0.183856,0.421304)
 (0.197364,0.413964)
 (0.210897,0.406226)
 (0.224141,0.398216)
 (0.236772,0.3885)
 (0.24881,0.378239)
 (0.25972,0.368217)
 (0.272236,0.357438)
 (0.282424,0.347123)
 (0.294033,0.33477)
 (0.303968,0.324432)
 (0.313658,0.312307)
 (0.322959,0.299668)
 (0.331839,0.287395)
 (0.340093,0.27415)
 (0.347903,0.261503)
 (0.355732,0.248271)
 (0.362201,0.234314)
 (0.368869,0.221139)
 (0.37371,0.207091)
 (0.379238,0.193561)
 (0.383855,0.178969)
 (0.387211,0.164554)
 (0.39161,0.149597)
 (0.394014,0.135789)
 (0.395809,0.121337)
 (0.397896,0.106892)
 (0.398562,0.0920483)
 (0.399424,0.076581)
 (0.39844,0.0619056)
 (0.397286,0.0476373)
 (0.395497,0.0340493)
 (0.393836,0.0199046)
 (0.392155,0.00517628)
 (0.387969,-0.009740520000000001)
 (0.384385,-0.0235098)
 (0.379976,-0.0359114)
 (0.375917,-0.0490525)
 (0.370501,-0.0623638)
 (0.365287,-0.0749388)
 (0.359438,-0.0871741)
 (0.353726,-0.101318)
 (0.345683,-0.111932)
 (0.337753,-0.123334)
 (0.329334,-0.134309)
 (0.3208,-0.144916)
 (0.311217,-0.156645)
 (0.30241,-0.165852)
 (0.292003,-0.175208)
 (0.281577,-0.183466)
 (0.272248,-0.190921)
 (0.261606,-0.198835)
 (0.250709,-0.205701)
 (0.23935,-0.213043)
 (0.227655,-0.217915)
 (0.215574,-0.223038)
 (0.204425,-0.227495)
 (0.192361,-0.231515)
 (0.179799,-0.235768)
 (0.167659,-0.238864)
 (0.155428,-0.241524)
 (0.144089,-0.242956)
 (0.132014,-0.243354)
 (0.119991,-0.243715)
 (0.108389,-0.243267)
 (0.0967268,-0.242834)
 (0.0846358,-0.241901)
 (0.0738993,-0.239835)
 (0.0633369,-0.237435)
 (0.0529866,-0.233097)
 (0.042692,-0.229616)
 (0.0328839,-0.226373)
 (0.0241378,-0.221599)
 (0.0140367,-0.216118)
 (0.00570516,-0.210625)
 (-0.00193856,-0.204102)
 (-0.0103713,-0.198815)
 (-0.017103,-0.192738)
 (-0.0245496,-0.18551)
 (-0.0300477,-0.178116)
 (-0.0358287,-0.17075)
 (-0.0405931,-0.163075)
 (-0.0452097,-0.155309)
 (-0.048662,-0.147983)
 (-0.0522678,-0.140195)
 (-0.0550625,-0.132522)
 (-0.0575466,-0.124732)
 (-0.0577025,-0.117235)
 (-0.0587835,-0.109193)
 (-0.0575818,-0.102754)
 (-0.0580737,-0.0953195)
 (-0.0580104,-0.08878229999999999)
 (-0.0569927,-0.0821544)
 (-0.0547525,-0.0758292)
 (-0.0520392,-0.0692796)
 (-0.0500157,-0.0648319)
 (-0.0461966,-0.0598595)
 (-0.0427701,-0.0551676)
 (-0.0393078,-0.0505981)
 (-0.0351059,-0.0475093)
 (-0.0304874,-0.0447634)
 (-0.02588,-0.0425593)
 (-0.0218798,-0.0405279)
 (-0.016963,-0.0391249)
 (-0.0116413,-0.0390528)
 (-0.00771042,-0.038798)
 (-0.00395682,-0.0396983)
 (0.000286276,-0.0412114)
 (0.00350502,-0.04269)
 (0.00675337,-0.0447702)
 (0.010549,-0.0485494)
 (0.0132272,-0.0514723)
 (0.0158903,-0.0547633)
 (0.0172177,-0.0597316)
 (0.0175643,-0.0630428)
 (0.0186577,-0.0671252)
 (0.0196375,-0.0715446)
 (0.0192521,-0.07634299999999999)
 (0.0185389,-0.0813902)
 (0.0172277,-0.0853997)
 (0.0147553,-0.0904113)
 (0.0121158,-0.0955732)
 (0.0100324,-0.0995206)
 (0.0055393,-0.104804)
 (0.00149829,-0.10837)
 (-0.00431217,-0.112316)
 (-0.008762000000000001,-0.115643)
 (-0.0152098,-0.118954)
 (-0.0213786,-0.12128)
 (-0.0280673,-0.122469)
 (-0.0342246,-0.124359)
 (-0.0414486,-0.124952)
 (-0.0490947,-0.125473)
 (-0.056963,-0.124479)
 (-0.0636993,-0.123923)
 (-0.0706968,-0.122845)
 (-0.07778980000000001,-0.121053)
 (-0.0853583,-0.119171)
 (-0.09257559999999999,-0.115729)
 (-0.100054,-0.111767)
 (-0.105987,-0.108343)
 (-0.112762,-0.103475)
 (-0.11913,-0.09821770000000001)
 (-0.12568,-0.09300070000000001)
 (-0.13151,-0.0867178)
 (-0.137124,-0.08017390000000001)
 (-0.141545,-0.0725006)
 (-0.145817,-0.0654324)
 (-0.150035,-0.0576575)
 (-0.153496,-0.048897)
 (-0.157411,-0.0406375)
 (-0.159432,-0.0329684)
 (-0.162176,-0.0240812)
 (-0.163558,-0.0159661)
 (-0.164775,-0.0071242)
 (-0.1635,0.00272631)
 (-0.164029,0.010894)
 (-0.164231,0.019405)
 (-0.162991,0.0286163)
 (-0.161053,0.0370126)
 (-0.158906,0.0456785)
 (-0.156383,0.0538888)
 (-0.153788,0.06289)
 (-0.149343,0.0715894)
 (-0.145506,0.079544)
 (-0.140346,0.08733639999999999)
 (-0.135826,0.0948734)
 (-0.130484,0.102677)
 (-0.124121,0.110318)
 (-0.117155,0.116542)
 (-0.11018,0.122559)
 (-0.103307,0.12871)
 (-0.0967411,0.134295)
 (-0.0896676,0.138907)
 (-0.08121970000000001,0.143388)
 (-0.0732323,0.14747)
 (-0.0642402,0.150119)
 (-0.0560178,0.153256)
 (-0.0473165,0.156496)
 (-0.0383924,0.158614)
 (-0.029505,0.161048)
 (-0.0219951,0.161874)
 (-0.0127766,0.162426)
 (-0.00298251,0.162097)
 (0.00577418,0.161567)
 (0.0154837,0.16011)
 (0.0236993,0.159149)
 (0.0314199,0.15732)
 (0.0410946,0.155142)
 (0.0496997,0.152025)
 (0.0583256,0.14863)
 (0.0673315,0.145063)
 (0.07368379999999999,0.140116)
 (0.0817502,0.135975)
 (0.088076,0.130733)
 (0.0952499,0.125335)
 (0.1022,0.119748)
 (0.109107,0.114433)
 (0.114871,0.106734)
 (0.120722,0.09941029999999999)
 (0.12527,0.0930071)
 (0.129642,0.0856823)
 (0.13425,0.07835449999999999)
 (0.139222,0.0697393)
 (0.142515,0.0606226)
 (0.144643,0.0527537)
 (0.146733,0.0457227)
 (0.148445,0.0370448)
 (0.149115,0.0285006)
 (0.151188,0.0201767)
 (0.15145,0.011574)
 (0.151702,0.0032048)
 (0.150994,-0.00695038)
 (0.149719,-0.0146362)
 (0.148453,-0.022538)
 (0.146208,-0.0304227)
 (0.144083,-0.0389482)
 (0.140212,-0.0481003)
 (0.136604,-0.0562744)
 (0.133957,-0.06356489999999999)
 (0.129672,-0.0701673)
 (0.126188,-0.07706010000000001)
 (0.12043,-0.08327039999999999)
 (0.11544,-0.0906236)
 (0.10934,-0.0966094)
 (0.102788,-0.102432)
 (0.0977983,-0.10756)
 (0.09125460000000001,-0.112577)
 (0.0837188,-0.117918)
 (0.0766699,-0.122247)
 (0.0668451,-0.127064)
 (0.0572799,-0.131942)
 (0.0507063,-0.134539)
 (0.0443162,-0.135743)
 (0.0356177,-0.139301)
 (0.0271137,-0.140962)
 (0.019188,-0.140226)
 (0.0114693,-0.141035)
 (0.00407544,-0.141438)
 (-0.00325897,-0.140325)
 (-0.0118925,-0.138667)
 (-0.0197938,-0.137831)
 (-0.0280354,-0.135011)
 (-0.0363354,-0.13194)
 (-0.0424385,-0.128946)
 (-0.0503239,-0.126647)
 (-0.0566222,-0.122221)
 (-0.06431679999999999,-0.118722)
 (-0.0707695,-0.112759)
 (-0.0778758,-0.107723)
 (-0.0828888,-0.102344)
 (-0.089424,-0.0964433)
 (-0.09458709999999999,-0.0899515)
 (-0.0991725,-0.0850446)
 (-0.10457,-0.0780125)
 (-0.109283,-0.0700456)
 (-0.113124,-0.0633514)
 (-0.116957,-0.0556384)
 (-0.11924,-0.0487408)
 (-0.122072,-0.0390936)
 (-0.123734,-0.0303598)
 (-0.125259,-0.0226782)
 (-0.126476,-0.0140318)
 (-0.127026,-0.00571728)
 (-0.125948,0.00162066)
 (-0.124805,0.0105033)
 (-0.123841,0.0182853)
 (-0.121891,0.0280442)
 (-0.118949,0.0368865)
 (-0.115765,0.0431589)
 (-0.11271,0.0516423)
 (-0.109308,0.0589613)
 (-0.103924,0.0661717)
 (-0.0993068,0.07320400000000001)
 (-0.0925647,0.079638)
 (-0.08782479999999999,0.08614620000000001)
 (-0.0810953,0.0924915)
 (-0.0737264,0.098234)
 (-0.06628969999999999,0.103341)
 (-0.058915,0.108736)
 (-0.0513082,0.112601)
 (-0.0444045,0.116994)
 (-0.0382117,0.118455)
 (-0.0322737,0.121072)
 (-0.0233839,0.124317)
 (-0.0148871,0.125547)
 (-0.00398475,0.127319)
 (0.00545837,0.127425)
 (0.0153144,0.126678)
 (0.0260743,0.125813)
 (0.0359243,0.125276)
 (0.0448012,0.121744)
 (0.052427,0.119661)
 (0.0619525,0.116315)
 (0.07174220000000001,0.112669)
 (0.08101990000000001,0.108547)
 (0.0890596,0.106208)
 (0.0955613,0.100777)
 (0.103535,0.0947099)
 (0.110719,0.0872739)
 (0.116862,0.08145620000000001)
 (0.123366,0.07322289999999999)
 (0.128748,0.06622939999999999)
 (0.13543,0.0581205)
 (0.140075,0.0499462)
 (0.14502,0.0411554)
 (0.15081,0.0318324)
 (0.154191,0.0230259)
 (0.157088,0.0129506)
 (0.15984,0.00426204)
 (0.161372,-0.00708687)
 (0.162192,-0.0170114)
 (0.1622,-0.0262804)
 (0.162837,-0.0361556)
 (0.161598,-0.0467911)
 (0.160756,-0.0582041)
 (0.159506,-0.06895560000000001)
 (0.156891,-0.07783080000000001)
 (0.153958,-0.087981)
 (0.150127,-0.09852909999999999)
 (0.147422,-0.107)
 (0.142654,-0.1165)
 (0.136414,-0.124905)
 (0.130621,-0.134224)
 (0.124656,-0.143747)
 (0.117445,-0.151376)
 (0.110048,-0.160796)
 (0.101319,-0.167453)
 (0.0932157,-0.175854)
 (0.08350150000000001,-0.181838)
 (0.0735883,-0.187563)
 (0.0633175,-0.193197)
 (0.0537677,-0.197053)
 (0.0430972,-0.200388)
 (0.0325116,-0.204829)
 (0.0224836,-0.209656)
 (0.0115411,-0.211174)
 (0.000699676,-0.211934)
 (-0.009015840000000001,-0.214161)
 (-0.0188076,-0.213479)
 (-0.0302406,-0.215616)
 (-0.0411166,-0.214762)
# name: SN1
# type: complex matrix
# rows: 401
# columns: 1
 (0.499145,0.00165714)
 (0.505941,-0.0146374)
 (0.505005,-0.0337614)
 (0.502232,-0.0540575)
 (0.499841,-0.0733241)
 (0.496633,-0.09307260000000001)
 (0.492774,-0.112257)
 (0.488356,-0.13136)
 (0.482525,-0.150969)
 (0.475848,-0.169895)
 (0.469191,-0.188225)
 (0.462067,-0.206198)
 (0.453338,-0.224303)
 (0.444122,-0.241919)
 (0.43462,-0.259453)
 (0.423224,-0.275716)
 (0.412841,-0.292622)
 (0.400363,-0.308297)
 (0.388368,-0.323486)
 (0.375655,-0.338345)
 (0.361863,-0.353149)
 (0.348204,-0.366866)
 (0.333622,-0.380218)
 (0.318138,-0.392678)
 (0.302911,-0.404426)
 (0.287429,-0.416189)
 (0.270962,-0.427837)
 (0.254286,-0.437006)
 (0.236141,-0.446278)
 (0.219337,-0.455745)
 (0.20229,-0.464686)
 (0.184317,-0.47117)
 (0.165874,-0.477754)
 (0.147859,-0.484283)
 (0.129632,-0.490014)
 (0.11089,-0.494737)
 (0.0905937,-0.49886)
 (0.07126540000000001,-0.502583)
 (0.0529296,-0.504676)
 (0.0328126,-0.50614)
 (0.0136739,-0.507781)
 (-0.00635627,-0.5084959999999999)
 (-0.0267661,-0.508561)
 (-0.0462235,-0.507509)
 (-0.066076,-0.504856)
 (-0.0855422,-0.502267)
 (-0.104649,-0.499127)
 (-0.123962,-0.495067)
 (-0.143234,-0.490613)
 (-0.161788,-0.485046)
 (-0.180292,-0.47828)
 (-0.198974,-0.4712)
 (-0.2163,-0.463913)
 (-0.234638,-0.455187)
 (-0.252786,-0.446455)
 (-0.270628,-0.436654)
 (-0.286983,-0.426712)
 (-0.303873,-0.414715)
 (-0.320166,-0.403767)
 (-0.335291,-0.392345)
 (-0.350322,-0.379364)
 (-0.366229,-0.365667)
 (-0.380831,-0.35195)
 (-0.394171,-0.337431)
 (-0.406888,-0.32291)
 (-0.41895,-0.307338)
 (-0.431235,-0.291162)
 (-0.443382,-0.274545)
 (-0.454061,-0.257934)
 (-0.464803,-0.239915)
 (-0.474513,-0.223014)
 (-0.483637,-0.203768)
 (-0.49219,-0.185867)
 (-0.499482,-0.165806)
 (-0.506398,-0.148068)
 (-0.512375,-0.128473)
 (-0.518626,-0.108955)
 (-0.523541,-0.08936040000000001)
 (-0.526833,-0.06933979999999999)
 (-0.530485,-0.0473808)
 (-0.533236,-0.0286853)
 (-0.5347769999999999,-0.00750296)
 (-0.535447,0.0144171)
 (-0.535886,0.035036)
 (-0.535073,0.055601)
 (-0.533848,0.0766174)
 (-0.531603,0.0982465)
 (-0.528834,0.120856)
 (-0.523863,0.14206)
 (-0.520011,0.160485)
 (-0.515011,0.180943)
 (-0.509467,0.200007)
 (-0.501267,0.222178)
 (-0.493459,0.242195)
 (-0.48419,0.261878)
 (-0.475329,0.28075)
 (-0.464978,0.299632)
 (-0.452525,0.320077)
 (-0.442304,0.338398)
 (-0.4314,0.354052)
 (-0.420487,0.374668)
 (-0.404444,0.388629)
 (-0.389566,0.404985)
 (-0.374926,0.421703)
 (-0.357861,0.437601)
 (-0.342997,0.452619)
 (-0.324729,0.466621)
 (-0.306168,0.480266)
 (-0.289081,0.492649)
 (-0.26572,0.508406)
 (-0.247798,0.517879)
 (-0.230572,0.529521)
 (-0.210538,0.539879)
 (-0.189421,0.549011)
 (-0.168185,0.558335)
 (-0.146744,0.566047)
 (-0.1239,0.57426)
 (-0.102,0.58039)
 (-0.07787769999999999,0.585175)
 (-0.0566021,0.589765)
 (-0.0342567,0.593588)
 (-0.00983327,0.595608)
 (0.015695,0.597696)
 (0.0378105,0.598392)
 (0.06294950000000001,0.59992)
 (0.08872819999999999,0.59972)
 (0.113353,0.599059)
 (0.136829,0.597281)
 (0.160725,0.592284)
 (0.184517,0.587836)
 (0.207166,0.58135)
 (0.230382,0.575507)
 (0.256131,0.567692)
 (0.279285,0.55926)
 (0.305303,0.549193)
 (0.33147,0.53833)
 (0.349688,0.52818)
 (0.374967,0.5142600000000001)
 (0.393981,0.503087)
 (0.413466,0.489256)
 (0.439541,0.472124)
 (0.463048,0.456882)
 (0.482922,0.438938)
 (0.503015,0.420416)
 (0.523918,0.401909)
 (0.541274,0.380931)
 (0.555885,0.36232)
 (0.575366,0.339714)
 (0.5896670000000001,0.318415)
 (0.607899,0.29173)
 (0.624004,0.26698)
 (0.638995,0.242672)
 (0.650157,0.219855)
 (0.663636,0.192096)
 (0.6738189999999999,0.163836)
 (0.6838689999999999,0.136764)
 (0.692786,0.107777)
 (0.701288,0.0779725)
 (0.707217,0.046815)
 (0.712862,0.012849)
 (0.716428,-0.0188714)
 (0.718592,-0.0486263)
 (0.71905,-0.08088339999999999)
 (0.719025,-0.114944)
 (0.716705,-0.145366)
 (0.713801,-0.178638)
 (0.708196,-0.212573)
 (0.701983,-0.245951)
 (0.6919459999999999,-0.281005)
 (0.682199,-0.309554)
 (0.672929,-0.338791)
 (0.6596649999999999,-0.370107)
 (0.643491,-0.404598)
 (0.625349,-0.437272)
 (0.608718,-0.465182)
 (0.58564,-0.497365)
 (0.563584,-0.52523)
 (0.542254,-0.551627)
 (0.519222,-0.577537)
 (0.495176,-0.603343)
 (0.465623,-0.629406)
 (0.436892,-0.650809)
 (0.406335,-0.673647)
 (0.372718,-0.694161)
 (0.341285,-0.712008)
 (0.307671,-0.728955)
 (0.274797,-0.743449)
 (0.241063,-0.756224)
 (0.202606,-0.7683720000000001)
 (0.16412,-0.777041)
 (0.129663,-0.785158)
 (0.0920327,-0.790033)
 (0.0546198,-0.795307)
 (0.0183414,-0.796092)
 (-0.0171278,-0.7955)
 (-0.0579936,-0.791253)
 (-0.103541,-0.784867)
 (-0.141957,-0.778875)
 (-0.180011,-0.77121)
 (-0.209569,-0.766253)
 (-0.243757,-0.754319)
 (-0.27914,-0.74044)
 (-0.313203,-0.7250259999999999)
 (-0.343747,-0.709609)
 (-0.372479,-0.692778)
 (-0.403036,-0.671897)
 (-0.431901,-0.650328)
 (-0.461551,-0.627511)
 (-0.489133,-0.604068)
 (-0.516216,-0.579808)
 (-0.5421010000000001,-0.553704)
 (-0.564252,-0.528023)
 (-0.584849,-0.500985)
 (-0.6034350000000001,-0.47606)
 (-0.623407,-0.449056)
 (-0.639999,-0.419982)
 (-0.657934,-0.391122)
 (-0.669276,-0.361239)
 (-0.682097,-0.330203)
 (-0.702265,-0.29186)
 (-0.7104470000000001,-0.259703)
 (-0.719047,-0.227699)
 (-0.726448,-0.195957)
 (-0.732233,-0.162787)
 (-0.736166,-0.129228)
 (-0.741013,-0.0984704)
 (-0.743928,-0.0660172)
 (-0.740655,-0.0383346)
 (-0.735753,-0.00718982)
 (-0.7332880000000001,0.0267904)
 (-0.729065,0.0594565)
 (-0.724697,0.0892464)
 (-0.713788,0.1197)
 (-0.704768,0.150507)
 (-0.696761,0.183724)
 (-0.686708,0.214013)
 (-0.674462,0.24135)
 (-0.662438,0.26526)
 (-0.648709,0.289227)
 (-0.633432,0.315244)
 (-0.618957,0.336228)
 (-0.6007400000000001,0.359015)
 (-0.581479,0.386934)
 (-0.559789,0.42034)
 (-0.540593,0.449055)
 (-0.5254180000000001,0.467286)
 (-0.508867,0.472883)
 (-0.484975,0.486726)
 (-0.456374,0.51972)
 (-0.437644,0.534839)
 (-0.418591,0.544855)
 (-0.391924,0.560812)
 (-0.36897,0.57399)
 (-0.344965,0.589325)
 (-0.315728,0.600347)
 (-0.288904,0.610769)
 (-0.262639,0.621032)
 (-0.238379,0.628648)
 (-0.212818,0.6377159999999999)
 (-0.183675,0.646745)
 (-0.160408,0.650613)
 (-0.134438,0.6527230000000001)
 (-0.10436,0.659853)
 (-0.0757174,0.66512)
 (-0.0481419,0.666319)
 (-0.0234691,0.663826)
 (0.00201415,0.662492)
 (0.0316001,0.659996)
 (0.0545391,0.657682)
 (0.07969329999999999,0.655758)
 (0.109058,0.648831)
 (0.135865,0.642942)
 (0.16257,0.6355189999999999)
 (0.1883,0.626294)
 (0.215729,0.6166)
 (0.238748,0.607162)
 (0.263001,0.5953079999999999)
 (0.288881,0.585337)
 (0.312202,0.572523)
 (0.330174,0.563183)
 (0.352955,0.551547)
 (0.374755,0.531902)
 (0.39436,0.514823)
 (0.41129,0.499153)
 (0.432604,0.483993)
 (0.452976,0.466545)
 (0.463313,0.451252)
 (0.476277,0.43591)
 (0.490002,0.422817)
 (0.496554,0.408963)
 (0.508742,0.384224)
 (0.517034,0.365416)
 (0.535735,0.329021)
 (0.562873,0.288222)
 (0.571439,0.269953)
 (0.581464,0.242631)
 (0.5939219999999999,0.211209)
 (0.608213,0.176791)
 (0.622416,0.142676)
 (0.62974,0.118449)
 (0.636567,0.0945159)
 (0.639763,0.07140349999999999)
 (0.642185,0.0495824)
 (0.643492,0.0298074)
 (0.642315,0.0149578)
 (0.640581,-0.00543301)
 (0.639857,-0.0291122)
 (0.638747,-0.0558691)
 (0.635873,-0.0833164)
 (0.632018,-0.108091)
 (0.626555,-0.134474)
 (0.621282,-0.160416)
 (0.616136,-0.182878)
 (0.607093,-0.208938)
 (0.598176,-0.234515)
 (0.587444,-0.259307)
 (0.577711,-0.284369)
 (0.565837,-0.305636)
 (0.553641,-0.328234)
 (0.540632,-0.351569)
 (0.523274,-0.374138)
 (0.509563,-0.395052)
 (0.494536,-0.414368)
 (0.479533,-0.431013)
 (0.466132,-0.447639)
 (0.455832,-0.458156)
 (0.44587,-0.464757)
 (0.424373,-0.480894)
 (0.383772,-0.510554)
 (0.336402,-0.548363)
 (0.302714,-0.571702)
 (0.273095,-0.593303)
 (0.262592,-0.602979)
 (0.243036,-0.611988)
 (0.219641,-0.62374)
 (0.198843,-0.630872)
 (0.172343,-0.64035)
 (0.143566,-0.650377)
 (0.12322,-0.654952)
 (0.101829,-0.659859)
 (0.0828571,-0.66611)
 (0.0709684,-0.6687149999999999)
 (0.0570572,-0.667622)
 (0.0379569,-0.66779)
 (0.0112936,-0.667253)
 (-0.0221856,-0.666203)
 (-0.047085,-0.663251)
 (-0.06351569999999999,-0.658853)
 (-0.0853751,-0.650142)
 (-0.121418,-0.642757)
 (-0.157321,-0.631162)
 (-0.201583,-0.6217200000000001)
 (-0.247054,-0.613326)
 (-0.292497,-0.60273)
 (-0.324481,-0.591473)
 (-0.343501,-0.587717)
 (-0.360452,-0.578646)
 (-0.381209,-0.565296)
 (-0.401647,-0.551312)
 (-0.419569,-0.53612)
 (-0.440798,-0.516223)
 (-0.462718,-0.495804)
 (-0.486042,-0.475275)
 (-0.507395,-0.451227)
 (-0.528764,-0.42645)
 (-0.5513940000000001,-0.408425)
 (-0.569105,-0.385419)
 (-0.584577,-0.358164)
 (-0.599653,-0.331807)
 (-0.613226,-0.307194)
 (-0.626454,-0.280424)
 (-0.638815,-0.249888)
 (-0.64735,-0.221937)
 (-0.656648,-0.190862)
 (-0.666882,-0.160379)
 (-0.674216,-0.134637)
 (-0.681113,-0.109622)
 (-0.687493,-0.0815758)
 (-0.690092,-0.054006)
 (-0.697461,-0.0186762)
 (-0.696209,0.00922975)
 (-0.693819,0.0324197)
 (-0.6916060000000001,0.06500880000000001)
 (-0.688345,0.099525)
 (-0.681005,0.132114)
 (-0.674136,0.163005)
 (-0.664231,0.194213)
 (-0.653992,0.224965)
 (-0.640271,0.2521)
 (-0.627934,0.281053)
 (-0.612807,0.313909)
 (-0.600805,0.348686)
 (-0.585551,0.374791)
 (-0.570528,0.402602)
 (-0.553718,0.430137)
 (-0.533551,0.448765)
 (-0.510647,0.46043)
 (-0.492042,0.478005)
 (-0.47175,0.496287)
 (-0.449387,0.5200090000000001)
 (-0.422541,0.54259)
