  9.00000000000E+03 -0.501437       -0.000748232    0.499145        0.00120978     0.498284        0.00325643    -0.495879        0.00143231   
  1.00089775000E+07 -0.498065        0.0183562      0.505856       -0.0124457      0.496959       -0.0207535     -0.503309        0.00981598   
  2.00089550000E+07 -0.496368        0.0327963      0.504374       -0.0295189      0.496549       -0.0386871     -0.502127        0.0234747    
  3.00089325000E+07 -0.494593        0.0478969      0.502347       -0.0474877      0.494015       -0.0559812     -0.501283        0.0384252    
  4.00089100000E+07 -0.493262        0.0625293      0.500243       -0.0649509      0.49043        -0.0723749     -0.500039        0.0527539    
  5.00088875000E+07 -0.491429        0.076612       0.498087       -0.0818693      0.487588       -0.0896559     -0.498686        0.0663689    
  6.00088650000E+07 -0.489059        0.0906443      0.494338       -0.0991879      0.483964       -0.106234      -0.496729        0.0816914    
  7.00088425000E+07 -0.485853        0.104944       0.491051       -0.116099       0.480156       -0.122697      -0.493964        0.0953676    
  8.00088200000E+07 -0.48278         0.118748       0.485849       -0.133386       0.474838       -0.138894      -0.491355        0.109183     
  9.00087975000E+07 -0.479122        0.132529       0.481022       -0.149752       0.469525       -0.155602      -0.48793         0.123433     
  1.00008775000E+08 -0.475459        0.14694        0.475471       -0.165922       0.46327        -0.170574      -0.484027        0.137132     
  1.10008752500E+08 -0.470996        0.160926       0.468487       -0.182243       0.456978       -0.186463      -0.480999        0.150681     
  1.20008730000E+08 -0.465622        0.174213       0.461296       -0.198307       0.450069       -0.201624      -0.476941        0.164218     
  1.30008707500E+08 -0.460968        0.187608       0.453821       -0.213912       0.441764       -0.216757      -0.471832        0.177879     
  1.40008685000E+08 -0.455828        0.201134       0.445987       -0.229511       0.433453       -0.231645      -0.465574        0.1918       
  1.50008662500E+08 -0.449918        0.214873       0.437108       -0.24484        0.424642       -0.246349      -0.460954        0.204682     
  1.60008640000E+08 -0.444203        0.227954       0.428377       -0.259825       0.416306       -0.260522      -0.455571        0.219011     
  1.70008617500E+08 -0.437075        0.240998       0.417763       -0.273839       0.406497       -0.273923      -0.448807        0.23116      
  1.80008595000E+08 -0.430365        0.253251       0.40761        -0.286753       0.396133       -0.287576      -0.44237         0.244199     
  1.90008572500E+08 -0.422906        0.265897       0.397556       -0.300717       0.385314       -0.300556      -0.435338        0.257248     
  2.00008550000E+08 -0.41615         0.278439       0.385859       -0.31325        0.373837       -0.313213      -0.42819         0.269817     
  2.10008527500E+08 -0.407299        0.291226       0.374719       -0.326257       0.363271       -0.325477      -0.421213        0.282014     
  2.20008505000E+08 -0.399145        0.302305       0.362749       -0.33879        0.35058        -0.336955      -0.413336        0.294572     
  2.30008482500E+08 -0.389946        0.314564       0.349181       -0.349548       0.338253       -0.348592      -0.405001        0.306176     
  2.40008460000E+08 -0.381306        0.325989       0.336931       -0.361027       0.325784       -0.358982      -0.396661        0.318405     
  2.50008437500E+08 -0.371187        0.338039       0.323201       -0.372394       0.312707       -0.368857      -0.388299        0.329392     
  2.60008415000E+08 -0.361784        0.348746       0.310949       -0.382555       0.299067       -0.378587      -0.378384        0.341417     
  2.70008392500E+08 -0.351336        0.359386       0.296038       -0.391225       0.285138       -0.387799      -0.368489        0.352396     
  2.80008370000E+08 -0.341835        0.368575       0.282154       -0.399743       0.271739       -0.395812      -0.360258        0.362118     
  2.90008347500E+08 -0.331741        0.379725       0.267966       -0.409018       0.258645       -0.404705      -0.350105        0.373462     
  3.00008325000E+08 -0.320603        0.390004       0.253782       -0.417145       0.243318       -0.412209      -0.339994        0.383361     
  3.10008302500E+08 -0.309475        0.399604       0.237981       -0.424368       0.229128       -0.419972      -0.328565        0.394162     
  3.20008280000E+08 -0.298319        0.409134       0.223774       -0.430463       0.214375       -0.426106      -0.318955        0.403809     
  3.30008257500E+08 -0.286882        0.418782       0.208659       -0.437176       0.199353       -0.432614      -0.307659        0.41269      
  3.40008235000E+08 -0.275401        0.427638       0.193845       -0.443347       0.184225       -0.437716      -0.296487        0.422361     
  3.50008212500E+08 -0.261889        0.436512       0.177438       -0.448769       0.167731       -0.443946      -0.28453         0.431879     
  3.60008190000E+08 -0.24907         0.445399       0.161508       -0.453934       0.152919       -0.447533      -0.272543        0.439611     
  3.70008167500E+08 -0.23588         0.452219       0.14525        -0.45768        0.136464       -0.450958      -0.259696        0.448083     
  3.80008145000E+08 -0.224173        0.458773       0.130489       -0.460436       0.120556       -0.454553      -0.247395        0.456592     
  3.90008122500E+08 -0.209856        0.466708       0.113942       -0.46304        0.105124       -0.456818      -0.234368        0.463865     
  4.00008100000E+08 -0.1962          0.473576       0.0976829      -0.464525       0.0888961      -0.459449      -0.221629        0.471047     
  4.10008077500E+08 -0.183426        0.479922       0.0818285      -0.466998       0.0733705      -0.460593      -0.207553        0.47885      
  4.20008055000E+08 -0.168526        0.485693       0.0649462      -0.468278       0.0573566      -0.461834      -0.194035        0.48636      
  4.30008032500E+08 -0.153495        0.492149       0.0494144      -0.469768       0.0410551      -0.462001      -0.180433        0.492289     
  4.40008010000E+08 -0.139263        0.496525       0.0325691      -0.469105       0.0253654      -0.461352      -0.165338        0.498696     
  4.50007987500E+08 -0.124924        0.500558       0.0167179      -0.468374       0.00955336     -0.460432      -0.150542        0.503899     
  4.60007965000E+08 -0.109496        0.505115       0.000318632    -0.46703       -0.00681794     -0.45853       -0.135055        0.509047     
  4.70007942500E+08 -0.0931553       0.508658      -0.0156655      -0.464345      -0.0217468      -0.45656       -0.121118        0.513302     
  4.80007920000E+08 -0.0787479       0.51055       -0.0311308      -0.459983      -0.0371204      -0.451775      -0.106622        0.515941     
  4.90007897500E+08 -0.0661699       0.513029      -0.0434158      -0.45687       -0.0498701      -0.448561      -0.094488        0.519745     
  5.00007875000E+08 -0.0511366       0.51828       -0.0581974      -0.455062      -0.0642591      -0.446869      -0.0798885       0.525022     
  5.10007852500E+08 -0.0348923       0.520891      -0.0742349      -0.452645      -0.0790225      -0.443345      -0.0638019       0.528821     
  5.20007830000E+08 -0.0192805       0.523775      -0.0887472      -0.448473      -0.0938335      -0.439307      -0.0480622       0.531965     
  5.30007807500E+08 -0.00239639      0.524475      -0.104115       -0.443252      -0.108331       -0.433934      -0.0326224       0.53452      
  5.40007785000E+08  0.0134949       0.526245      -0.118493       -0.437803      -0.122764       -0.428605      -0.0159829       0.536789     
  5.50007762500E+08  0.0299022       0.526209      -0.132879       -0.43177       -0.13734        -0.421917       0.000504423     0.538086     
  5.60007740000E+08  0.0461395       0.526287      -0.146596       -0.424887      -0.150409       -0.415958       0.015643        0.538431     
  5.70007717500E+08  0.0621172       0.52575       -0.161106       -0.4176        -0.16344        -0.408741       0.0322747       0.539235     
  5.80007695000E+08  0.0772667       0.524048      -0.173972       -0.410185      -0.175932       -0.401074       0.0489729       0.540152     
  5.90007672500E+08  0.0935712       0.523775      -0.186008       -0.403089      -0.188322       -0.393449       0.0645688       0.539026     
  6.00007650000E+08  0.108908        0.521563      -0.198511       -0.395259      -0.201262       -0.385439       0.0817186       0.53846      
  6.10007627500E+08  0.125257        0.518901      -0.211139       -0.386386      -0.212208       -0.377407       0.0969428       0.538091     
  6.20007605000E+08  0.141602        0.516039      -0.223383       -0.377584      -0.224314       -0.368033       0.114607        0.535399     
  6.30007582500E+08  0.157618        0.512781      -0.234276       -0.367835      -0.235824       -0.358082       0.131252        0.532752     
  6.40007560000E+08  0.174164        0.507948      -0.245052       -0.358164      -0.24661        -0.348782       0.147585        0.530309     
  6.50007537500E+08  0.189914        0.503538      -0.255859       -0.348268      -0.256603       -0.337927       0.16364         0.526462     
  6.60007515000E+08  0.206223        0.49725       -0.265346       -0.336512      -0.266041       -0.327579       0.179135        0.522381     
  6.70007492500E+08  0.221148        0.490517      -0.274665       -0.324945      -0.275305       -0.315554       0.195669        0.516746     
  6.80007470000E+08  0.236882        0.483062      -0.282145       -0.314129      -0.282231       -0.304106       0.209647        0.511747     
  6.90007447500E+08  0.250682        0.478036      -0.289343       -0.303672      -0.289764       -0.294296       0.225321        0.507948     
  7.00007425000E+08  0.266493        0.472415      -0.298235       -0.293544      -0.297612       -0.284685       0.240826        0.503686     
  7.10007402500E+08  0.282695        0.464577      -0.307148       -0.282328      -0.305786       -0.272987       0.258201        0.497719     
  7.20007380000E+08  0.298676        0.45582       -0.313812       -0.271365      -0.31294        -0.261818       0.273389        0.490606     
  7.30007357500E+08  0.314206        0.447594      -0.321834       -0.25897       -0.320266       -0.249854       0.290051        0.483002     
  7.40007335000E+08  0.329793        0.438822      -0.328297       -0.247267      -0.326514       -0.238025       0.306494        0.475391     
  7.50007312500E+08  0.344585        0.428923      -0.334144       -0.234847      -0.33168        -0.225479       0.321114        0.465697     
  7.60007290000E+08  0.358984        0.418591      -0.339618       -0.222158      -0.337269       -0.21285        0.336149        0.456894     
  7.70007267500E+08  0.373223        0.407552      -0.344713       -0.210194      -0.341399       -0.201098       0.351043        0.447888     
  7.80007245000E+08  0.387285        0.397202      -0.349101       -0.198179      -0.34604        -0.188781       0.36636         0.437827     
  7.90007222500E+08  0.400898        0.384883      -0.353792       -0.184207      -0.349536       -0.17587        0.381969        0.425947     
  8.00007200000E+08  0.413746        0.372518      -0.356433       -0.172475      -0.352201       -0.163356       0.394965        0.415952     
  8.10007177500E+08  0.426156        0.360348      -0.359486       -0.159694      -0.355163       -0.150607       0.410005        0.4042       
  8.20007155000E+08  0.438708        0.348368      -0.361838       -0.146226      -0.356994       -0.138049       0.424131        0.391953     
  8.30007132500E+08  0.450581        0.3341        -0.3643         -0.133141      -0.35896        -0.125781       0.437           0.378733     
  8.40007110000E+08  0.462216        0.320547      -0.365294       -0.120904      -0.359692       -0.11404        0.450315        0.365695     
  8.50007087500E+08  0.473618        0.305943      -0.366105       -0.108854      -0.36072        -0.10154        0.462537        0.35285      
  8.60007065000E+08  0.483986        0.290294      -0.366571       -0.095729      -0.360966       -0.0889516      0.474786        0.338502     
  8.70007042500E+08  0.494708        0.275103      -0.366489       -0.08263       -0.360954       -0.0768225      0.487586        0.322195     
  8.80007020000E+08  0.504017        0.257542      -0.365369       -0.0690965     -0.359782       -0.0641441      0.499647        0.30589      
  8.90006997500E+08  0.513128        0.241877      -0.36378        -0.0590203     -0.358083       -0.0522457      0.508138        0.292272     
  9.00006975000E+08  0.522207        0.225125      -0.361135       -0.0468518     -0.355552       -0.041984       0.519853        0.277507     
  9.10006952500E+08  0.529158        0.210131      -0.359587       -0.0370291     -0.353808       -0.0317138      0.528282        0.261912     
  9.20006930000E+08  0.537558        0.191799      -0.357726       -0.0253866     -0.35193        -0.0209095      0.538792        0.244454     
  9.30006907500E+08  0.545079        0.17312       -0.355598       -0.0139747     -0.349003       -0.00994982     0.548156        0.227173     
  9.40006885000E+08  0.551194        0.154602      -0.353174       -0.00356986    -0.346038        0.000542864    0.557331        0.209777     
  9.50006862500E+08  0.558056        0.136353      -0.34993         0.00787158    -0.343193        0.0106372      0.565696        0.19178      
  9.60006840000E+08  0.563635        0.117217      -0.345321        0.017472      -0.338798        0.0215508      0.572653        0.174448     
  9.70006817500E+08  0.568774        0.0981846     -0.341979        0.0290929     -0.334368        0.0306119      0.580415        0.152166     
  9.80006795000E+08  0.574188        0.0784422     -0.337773        0.037714      -0.331237        0.0399785      0.586097        0.13569      
  9.90006772500E+08  0.577818        0.0586974     -0.332617        0.0467205     -0.326357        0.0489868      0.590677        0.116439     
  1.00000675000E+09  0.584393        0.0375137     -0.329359        0.0562413     -0.321234        0.0586345      0.596221        0.097281     
  1.01000672750E+09  0.583397        0.018311      -0.322104        0.0640512     -0.315625        0.0667089      0.600628        0.0793779    
  1.02000670500E+09  0.585652       -0.00253112    -0.316793        0.0731071     -0.310267        0.075277       0.605031        0.0575656    
  1.03000668250E+09  0.585339       -0.0237184     -0.311051        0.0808663     -0.304019        0.0833495      0.6078          0.0374665    
  1.04000666000E+09  0.585704       -0.0442408     -0.304892        0.0885916     -0.298235        0.0911657      0.609679        0.0172288    
  1.05000663750E+09  0.58468        -0.06513       -0.29898         0.0951202     -0.29172         0.097697       0.611917       -0.00257885   
  1.06000661500E+09  0.583409       -0.08681       -0.292596        0.102405      -0.285434        0.104333       0.612812       -0.0238035    
  1.07000659250E+09  0.580659       -0.108753      -0.285441        0.109277      -0.279296        0.111154       0.612632       -0.0448752    
  1.08000657000E+09  0.578023       -0.129815      -0.278999        0.11542       -0.272467        0.117389       0.611802       -0.0655826    
  1.09000654750E+09  0.574609       -0.151432      -0.271374        0.122917      -0.265742        0.121869       0.60959        -0.0911213    
  1.10000652500E+09  0.569567       -0.171591      -0.264322        0.126496      -0.259545        0.126978       0.607097       -0.110096     
  1.11000650250E+09  0.563736       -0.19303       -0.259116        0.130414      -0.252189        0.131573       0.605665       -0.129211     
  1.12000648000E+09  0.557607       -0.214838      -0.252403        0.135007      -0.246264        0.135643       0.603653       -0.150808     
  1.13000645750E+09  0.549202       -0.234757      -0.245653        0.138845      -0.239207        0.139467       0.598204       -0.171252     
  1.14000643500E+09  0.541557       -0.256766      -0.238638        0.142633      -0.232802        0.142706       0.592314       -0.192334     
  1.15000641250E+09  0.532147       -0.277396      -0.232108        0.145292      -0.225428        0.145467       0.58752        -0.214332     
  1.16000639000E+09  0.522549       -0.297599      -0.225481        0.14788       -0.219584        0.147451       0.58095        -0.235586     
  1.17000636750E+09  0.51115        -0.319229      -0.219532        0.150407      -0.212815        0.150432       0.572823       -0.256013     
  1.18000634500E+09  0.499771       -0.339271      -0.213052        0.152111      -0.207015        0.151919       0.564066       -0.277706     
  1.19000632250E+09  0.486413       -0.359357      -0.207034        0.15371       -0.201127        0.154667       0.555639       -0.297911     
  1.20000630000E+09  0.473431       -0.379007      -0.201402        0.154733      -0.195507        0.155318       0.546357       -0.317261     
  1.21000627750E+09  0.458865       -0.396692      -0.195167        0.155342      -0.189625        0.155912       0.534708       -0.33656      
  1.22000625500E+09  0.44369        -0.415243      -0.189464        0.157067      -0.184114        0.156373       0.52231        -0.358078     
  1.23000623250E+09  0.427995       -0.43351       -0.184661        0.15708       -0.179431        0.156513       0.509567       -0.376953     
  1.24000621000E+09  0.41006        -0.450747      -0.179853        0.157662      -0.174475        0.157088       0.497242       -0.398325     
  1.25000618750E+09  0.392663       -0.468579      -0.175192        0.157651      -0.170845        0.15709        0.482182       -0.418708     
  1.26000616500E+09  0.374209       -0.485031      -0.170945        0.158083      -0.166154        0.156321       0.467451       -0.43826      
  1.27000614250E+09  0.354259       -0.500985      -0.167523        0.157757      -0.162031        0.156623       0.451882       -0.455291     
  1.28000612000E+09  0.334374       -0.514811      -0.163892        0.156477      -0.15901         0.155415       0.434799       -0.471418     
  1.29000609750E+09  0.313425       -0.528349      -0.16062         0.155453      -0.155594        0.154726       0.41695        -0.487265     
  1.30000607500E+09  0.292064       -0.543085      -0.158111        0.153781      -0.153102        0.153688       0.399103       -0.502106     
  1.31000605250E+09  0.269503       -0.555145      -0.155758        0.15235       -0.150978        0.152598       0.379854       -0.517996     
  1.32000603000E+09  0.24565        -0.566398      -0.153516        0.152027      -0.149424        0.151987       0.358329       -0.534254     
  1.33000600750E+09  0.221595       -0.576274      -0.152433        0.150989      -0.147422        0.150287       0.337973       -0.547736     
  1.34000598500E+09  0.196596       -0.585766      -0.150981        0.150853      -0.146601        0.149599       0.314978       -0.563681     
  1.35000596250E+09  0.170673       -0.596403      -0.149829        0.150148      -0.145776        0.148679       0.291127       -0.57737      
  1.36000594000E+09  0.144365       -0.603291      -0.15016         0.14796       -0.146014        0.148053       0.270927       -0.585493     
  1.37000591750E+09  0.117496       -0.610568      -0.150629        0.148136      -0.146149        0.147851       0.246494       -0.598338     
  1.38000589500E+09  0.090616       -0.614878      -0.151824        0.147073      -0.146917        0.147159       0.223643       -0.607105     
  1.39000587250E+09  0.0637469      -0.619798      -0.15277         0.14619       -0.147538        0.147689       0.200928       -0.613859     
  1.40000585000E+09  0.0356806      -0.622724      -0.154088        0.147891      -0.149762        0.14728        0.170933       -0.624778     
  1.41000582750E+09  0.00663921     -0.623444      -0.15589         0.14876       -0.151554        0.148045       0.145069       -0.633322     
  1.42000580500E+09 -0.0226554      -0.624497      -0.157804        0.149871      -0.153465        0.149274       0.117323       -0.638228     
  1.43000578250E+09 -0.0507175      -0.62198       -0.160183        0.151036      -0.156184        0.150609       0.0910569      -0.642242     
  1.44000576000E+09 -0.080924       -0.620606      -0.163495        0.154334      -0.158503        0.153428       0.0621934      -0.648278     
  1.45000573750E+09 -0.111612       -0.615715      -0.166321        0.156016      -0.162209        0.156243       0.0338128      -0.648549     
  1.46000571500E+09 -0.136742       -0.609679      -0.170228        0.158105      -0.165707        0.158374       0.00960889     -0.647562     
  1.47000569250E+09 -0.165987       -0.602559      -0.173529        0.162102      -0.168973        0.161637      -0.0212036      -0.647855     
  1.48000567000E+09 -0.193554       -0.594538      -0.177606        0.165462      -0.172531        0.165321      -0.0485094      -0.643967     
  1.49000564750E+09 -0.223544       -0.584062      -0.180501        0.17187       -0.175586        0.171188      -0.080381       -0.640904     
  1.50000562500E+09 -0.251823       -0.573036      -0.184498        0.178269      -0.179802        0.177889      -0.112          -0.636506     
  1.51000560250E+09 -0.280129       -0.559274      -0.188579        0.184449      -0.183315        0.184272      -0.138832       -0.630425     
  1.52000558000E+09 -0.306488       -0.544592      -0.192184        0.19128       -0.18644         0.190984      -0.165657       -0.622557     
  1.53000555750E+09 -0.333141       -0.527721      -0.195754        0.199447      -0.189691        0.199208      -0.195421       -0.61316      
  1.54000553500E+09 -0.359526       -0.510466      -0.198801        0.20885       -0.19248         0.207786      -0.222955       -0.601638     
  1.55000551250E+09 -0.384262       -0.490396      -0.201822        0.217864      -0.194546        0.217706      -0.249707       -0.590839     
  1.56000549000E+09 -0.408717       -0.468992      -0.203778        0.228003      -0.19724         0.228569      -0.276461       -0.576646     
  1.57000546750E+09 -0.431965       -0.445845      -0.205741        0.240158      -0.198069        0.23954       -0.304141       -0.560795     
  1.58000544500E+09 -0.453161       -0.421695      -0.206523        0.252244      -0.198712        0.251994      -0.33046        -0.542798     
  1.59000542250E+09 -0.474024       -0.395749      -0.205331        0.265908      -0.199124        0.26394       -0.357892       -0.522711     
  1.60000540000E+09 -0.491826       -0.369751      -0.205242        0.279451      -0.198409        0.277653      -0.383585       -0.502201     
  1.61000537750E+09 -0.510044       -0.341366      -0.204103        0.292793      -0.197179        0.291187      -0.404634       -0.481686     
  1.62000535500E+09 -0.524631       -0.313105      -0.20113         0.307897      -0.195002        0.305761      -0.426445       -0.458997     
  1.63000533250E+09 -0.53943        -0.283211      -0.197462        0.32355       -0.190969        0.320766      -0.448221       -0.432719     
  1.64000531000E+09 -0.550942       -0.253209      -0.194022        0.338169      -0.186512        0.335238      -0.465602       -0.408385     
  1.65000528750E+09 -0.56172        -0.221481      -0.187504        0.354638      -0.180591        0.351162      -0.48502        -0.38116      
  1.66000526500E+09 -0.570118       -0.190777      -0.181218        0.370844      -0.174245        0.36764       -0.499987       -0.353999     
  1.67000524250E+09 -0.576961       -0.159094      -0.172967        0.387675      -0.165708        0.383347      -0.515039       -0.324616     
  1.68000522000E+09 -0.581712       -0.124669      -0.162047        0.404307      -0.154796        0.399122      -0.529059       -0.294128     
  1.69000519750E+09 -0.583391       -0.0947372     -0.153072        0.418854      -0.145776        0.415543      -0.537861       -0.266823     
  1.70000517500E+09 -0.58397        -0.0629929     -0.14262         0.435619      -0.13436         0.430919      -0.546043       -0.238038     
  1.71000515250E+09 -0.582549       -0.0305714     -0.128755        0.45108       -0.121138        0.446121      -0.553859       -0.207086     
  1.72000513000E+09 -0.579326        0.000698844   -0.112695        0.467078      -0.105927        0.461362      -0.559883       -0.173821     
  1.73000510750E+09 -0.574034        0.0342758     -0.0955297       0.482422      -0.0885715       0.476049      -0.564652       -0.141744     
  1.74000508500E+09 -0.565872        0.0646964     -0.079311        0.496943      -0.0715964       0.489505      -0.565272       -0.112267     
  1.75000506250E+09 -0.556704        0.0938244     -0.0587947       0.509964      -0.0522568       0.502278      -0.565119       -0.0773007    
  1.76000504000E+09 -0.546406        0.123958      -0.0379071       0.522269      -0.0328589       0.514776      -0.562217       -0.0476431    
  1.77000501750E+09 -0.532124        0.154152      -0.0166949       0.534216      -0.00864991      0.526407      -0.559166       -0.01729      
  1.78000499500E+09 -0.517765        0.182007       0.00429117      0.543932       0.012903        0.535329      -0.551986        0.0115674    
  1.79000497250E+09 -0.502816        0.207427       0.0278775       0.554787       0.0368126       0.54446       -0.545491        0.0403809    
  1.80000495000E+09 -0.485677        0.232399       0.0541622       0.563209       0.0611812       0.551517      -0.53618         0.070142     
  1.81000492750E+09 -0.46665         0.255747       0.0789753       0.567985       0.0860485       0.558137      -0.525284        0.098384     
  1.82000490500E+09 -0.446838        0.27856        0.105808        0.57341        0.112859        0.562409      -0.512794        0.125846     
  1.83000488250E+09 -0.426379        0.298342       0.134483        0.575416       0.139058        0.564498      -0.496891        0.152334     
  1.84000486000E+09 -0.403813        0.317796       0.161777        0.577003       0.166122        0.566037      -0.481524        0.177301     
  1.85000483750E+09 -0.381081        0.3341         0.188905        0.577108       0.193596        0.564792      -0.464198        0.200011     
  1.86000481500E+09 -0.358           0.34971        0.216207        0.576595       0.22176         0.563129      -0.447735        0.220927     
  1.87000479250E+09 -0.333452        0.365012       0.244736        0.573055       0.2507          0.558407      -0.429347        0.241768     
  1.88000477000E+09 -0.308823        0.376917       0.274566        0.567309       0.278396        0.553287      -0.408888        0.261166     
  1.89000474750E+09 -0.284367        0.386917       0.302823        0.559932       0.305265        0.545944      -0.387735        0.279857     
  1.90000472500E+09 -0.260347        0.39645        0.330204        0.552216       0.332141        0.537447      -0.366752        0.295042     
  1.91000470250E+09 -0.23628         0.402996       0.357423        0.541938       0.358966        0.526533      -0.345149        0.310821     
  1.92000468000E+09 -0.21078         0.409821       0.385688        0.531291       0.387183        0.514973      -0.323646        0.323928     
  1.93000465750E+09 -0.186699        0.413328       0.410961        0.517947       0.411659        0.501657      -0.301853        0.334632     
  1.94000463500E+09 -0.162834        0.414832       0.434945        0.50281        0.437144        0.487497      -0.279183        0.343621     
  1.95000461250E+09 -0.139549        0.416022       0.461823        0.483157       0.461095        0.469995      -0.253711        0.353297     
  1.96000459000E+09 -0.116898        0.41595        0.48937         0.460401       0.484829        0.453356      -0.22729         0.362501     
  1.97000456750E+09 -0.0945769       0.415694       0.514174        0.441368       0.50759         0.433257      -0.204455        0.368758     
  1.98000454500E+09 -0.0720244       0.412959       0.536695        0.419954       0.52928         0.41265       -0.181249        0.374123     
  1.99000452250E+09 -0.0511476       0.408544       0.555891        0.402971       0.549829        0.390275      -0.160917        0.376002     
  2.00000450000E+09 -0.0302763       0.403895       0.575193        0.380568       0.568305        0.368407      -0.139347        0.378432     
  2.01000447750E+09 -0.011406        0.398814       0.593859        0.356372       0.586231        0.344767      -0.117005        0.37814      
  2.02000445500E+09  0.00739375      0.39214        0.611664        0.330963       0.602377        0.321348      -0.0959125       0.377498     
  2.03000443250E+09  0.0252228       0.385017       0.625476        0.306799       0.617673        0.296627      -0.076143        0.374965     
  2.04000441000E+09  0.0429619       0.377236       0.638665        0.282117       0.631653        0.272314      -0.0573198       0.37181      
  2.05000438750E+09  0.060314        0.368568       0.651365        0.254832       0.64413         0.246139      -0.0378643       0.368308     
  2.06000436500E+09  0.0752639       0.35969        0.663895        0.226891       0.654657        0.219438      -0.018944        0.363902     
  2.07000434250E+09  0.0907028       0.349882       0.67391         0.198043       0.665405        0.190351      -0.000229643     0.358937     
  2.08000432000E+09  0.105752        0.340214       0.683192        0.169348       0.674656        0.16197        0.0174225       0.353556     
  2.09000429750E+09  0.119202        0.329318       0.69038         0.140091       0.682107        0.134455       0.0339796       0.346794     
  2.10000427500E+09  0.131047        0.31866        0.698106        0.110992       0.689698        0.106794       0.050019        0.340025     
  2.11000425250E+09  0.142298        0.307748       0.703207        0.0827103      0.694295        0.0783542      0.06528         0.331899     
  2.12000423000E+09  0.151872        0.295899       0.705006        0.0540903      0.696718        0.0501553      0.0789252       0.324416     
  2.13000420750E+09  0.162377        0.284279       0.708294        0.028822       0.698527        0.021542       0.0913002       0.316142     
  2.14000418500E+09  0.171442        0.271613       0.710189        0.000761116    0.699366       -0.00723734     0.104817        0.308148     
  2.15000416250E+09  0.180346        0.260461       0.710702       -0.026763       0.698691       -0.0367156      0.11661         0.298291     
  2.16000414000E+09  0.186657        0.249392       0.709714       -0.0548546      0.69837        -0.0639696      0.128502        0.288428     
  2.17000411750E+09  0.194394        0.23819        0.704979       -0.0812302      0.69578        -0.0912922      0.138691        0.277996     
  2.18000409500E+09  0.200392        0.226662       0.702131       -0.109449       0.691477       -0.118449       0.149296        0.267337     
  2.19000407250E+09  0.20567         0.214613       0.697822       -0.146492       0.686651       -0.144585       0.162558        0.257155     
  2.20000405000E+09  0.209986        0.202702       0.690344       -0.172324       0.68003        -0.171212       0.171289        0.246247     
  2.21000402750E+09  0.21427         0.191876       0.6835         -0.199116       0.672503       -0.198514       0.17931         0.234755     
  2.22000400500E+09  0.218474        0.180447       0.674829       -0.22431        0.663854       -0.223353       0.187318        0.223814     
  2.23000398250E+09  0.222732        0.169738       0.664886       -0.251066       0.654521       -0.250597       0.193882        0.213734     
  2.24000396000E+09  0.225403        0.157927       0.654645       -0.276408       0.644685       -0.275621       0.200443        0.20261      
  2.25000393750E+09  0.22799         0.147844       0.644581       -0.301447       0.632794       -0.297945       0.206828        0.192901     
  2.26000391500E+09  0.229922        0.137334       0.633494       -0.325036       0.621244       -0.322263       0.211776        0.182759     
  2.27000389250E+09  0.232189        0.126626       0.619919       -0.343877       0.607141       -0.346388       0.21548         0.172792     
  2.28000387000E+09  0.232965        0.116276       0.60409        -0.365282       0.593371       -0.36868        0.219254        0.162365     
  2.29000384750E+09  0.234282        0.105952       0.588272       -0.389108       0.577498       -0.390429       0.222711        0.150605     
  2.30000382500E+09  0.234289        0.0968955      0.571685       -0.411446       0.561029       -0.411548       0.225648        0.141123     
  2.31000380250E+09  0.233938        0.0882098      0.556347       -0.430803       0.546132       -0.431241       0.228289        0.131111     
  2.32000378000E+09  0.234052        0.0793397      0.536872       -0.448951       0.529337       -0.449629       0.229519        0.12093      
  2.33000375750E+09  0.233309        0.0703945      0.517499       -0.469064       0.511376       -0.468498       0.231672        0.109847     
  2.34000373500E+09  0.232725        0.0610641      0.499352       -0.490771       0.493058       -0.48654        0.233303        0.0997095    
  2.35000371250E+09  0.23125         0.0526212      0.480297       -0.509056       0.473256       -0.504785       0.235462        0.0901025    
  2.36000369000E+09  0.229355        0.0432038      0.460372       -0.524443       0.453008       -0.522401       0.236161        0.0812377    
  2.37000366750E+09  0.228298        0.0361025      0.442361       -0.537853       0.434301       -0.53953        0.235494        0.0730144    
  2.38000364500E+09  0.226743        0.0272557      0.421892       -0.551148       0.412897       -0.555482       0.234625        0.064164     
  2.39000362250E+09  0.225607        0.019869       0.401461       -0.56446        0.39234        -0.570091       0.234531        0.0553834    
  2.40000360000E+09  0.222371        0.0142262      0.381935       -0.575144       0.372406       -0.581684       0.23424         0.0475187    
  2.41000357750E+09  0.22066         0.00703217     0.359433       -0.58595        0.351851       -0.591815       0.232532        0.0392387    
  2.42000355500E+09  0.217972        0.000520979    0.335286       -0.600512       0.329629       -0.603657       0.232429        0.0296043    
  2.43000353250E+09  0.21436        -0.00687204     0.306161       -0.618241       0.305345       -0.614161       0.233053        0.0193457    
  2.44000351000E+09  0.211398       -0.0142099      0.282304       -0.632691       0.280855       -0.623684       0.231538        0.0110709    
  2.45000348750E+09  0.209309       -0.0204139      0.264452       -0.642063       0.258998       -0.633748       0.2304          0.00450715   
  2.46000346500E+09  0.205605       -0.0255728      0.249991       -0.640236       0.236604       -0.639609       0.228317        0.00189724   
  2.47000344250E+09  0.202767       -0.0330815      0.227265       -0.64289        0.208188       -0.64955        0.224825       -0.00332739   
  2.48000342000E+09  0.199242       -0.0389294      0.193244       -0.659423       0.187578       -0.653236       0.224249       -0.0144946    
  2.49000339750E+09  0.196121       -0.0447515      0.174445       -0.663911       0.162871       -0.658572       0.222025       -0.0198331    
  2.50000337500E+09  0.193186       -0.0502767      0.156655       -0.665894       0.138799       -0.663977       0.219743       -0.0231481    
  2.51000335250E+09  0.189963       -0.055248       0.128079       -0.669728       0.116486       -0.66644        0.217146       -0.0301169    
  2.52000333000E+09  0.186054       -0.0602638      0.107666       -0.672303       0.0925898      -0.670049       0.214066       -0.0350263    
  2.53000330750E+09  0.181522       -0.065129       0.0831098      -0.676575       0.0687471      -0.671429       0.211439       -0.0406806    
  2.54000328500E+09  0.178252       -0.069881       0.057515       -0.675654       0.0453116      -0.671612       0.207867       -0.0469781    
  2.55000326250E+09  0.175463       -0.0740545      0.0327443      -0.676011       0.0214153      -0.671728       0.20427        -0.0520421    
  2.56000324000E+09  0.172866       -0.0778701      0.00984092     -0.675703      -0.00110943     -0.671917       0.201096       -0.0569004    
  2.57000321750E+09  0.168606       -0.0825588     -0.0114929      -0.674344      -0.0246076      -0.670399       0.198666       -0.0618241    
  2.58000319500E+09  0.164667       -0.0871184     -0.0347151      -0.674167      -0.0490038      -0.66879        0.195026       -0.0665865    
  2.59000317250E+09  0.15986        -0.0907236     -0.0610704      -0.671942      -0.0739756      -0.665887       0.192341       -0.072302     
  2.60000315000E+09  0.156561       -0.09287       -0.0802071      -0.66864       -0.0974287      -0.660191       0.188703       -0.0761316    
  2.61000312750E+09  0.152471       -0.0969811     -0.101683       -0.663467      -0.122317       -0.65573        0.185966       -0.0794429    
  2.62000310500E+09  0.148606       -0.101903      -0.127998       -0.659734      -0.14612        -0.649937       0.182542       -0.0844757    
  2.63000308250E+09  0.144403       -0.105802      -0.152299       -0.655871      -0.166879       -0.644615       0.180298       -0.0900894    
  2.64000306000E+09  0.140144       -0.107957      -0.174793       -0.650706      -0.187325       -0.637228       0.176995       -0.0942184    
  2.65000303750E+09  0.136635       -0.109957      -0.193668       -0.64261       -0.20516        -0.629344       0.173807       -0.0965611    
  2.66000301500E+09  0.132188       -0.113764      -0.213919       -0.634859      -0.226911       -0.622121       0.171681       -0.0995069    
  2.67000299250E+09  0.127638       -0.116623      -0.237112       -0.626305      -0.250582       -0.611778       0.167734       -0.102542     
  2.68000297000E+09  0.124149       -0.119416      -0.254496       -0.616995      -0.269066       -0.603008       0.166187       -0.105413     
  2.69000294750E+09  0.120186       -0.122539      -0.275683       -0.608262      -0.290162       -0.593932       0.163058       -0.108316     
  2.70000292500E+09  0.116026       -0.124501      -0.298673       -0.596928      -0.309307       -0.583333       0.159388       -0.111348     
  2.71000290250E+09  0.111601       -0.127887      -0.318664       -0.585073      -0.328962       -0.571105       0.155485       -0.114394     
  2.72000288000E+09  0.106965       -0.129524      -0.339876       -0.572892      -0.346735       -0.55858        0.152567       -0.117573     
  2.73000285750E+09  0.102438       -0.131277      -0.358274       -0.559657      -0.364857       -0.545365       0.148781       -0.119238     
  2.74000283500E+09  0.0982583      -0.132889      -0.379214       -0.545362      -0.383025       -0.531371       0.144885       -0.122049     
  2.75000281250E+09  0.0955896      -0.135079      -0.395629       -0.532185      -0.401582       -0.517144       0.142216       -0.124624     
  2.76000279000E+09  0.0891994      -0.13787       -0.412949       -0.51846       -0.419607       -0.501456       0.139027       -0.127117     
  2.77000276750E+09  0.0848928      -0.139916      -0.433021       -0.504982      -0.437752       -0.485586       0.1354         -0.130497     
  2.78000274500E+09  0.0810947      -0.141124      -0.449313       -0.490042      -0.45195        -0.47152        0.131611       -0.13288      
  2.79000272250E+09  0.0780851      -0.142279      -0.460828       -0.479299      -0.465672       -0.456415       0.129072       -0.134206     
  2.80000270000E+09  0.0747653      -0.142478      -0.479076       -0.464051      -0.480313       -0.441058       0.12591        -0.136363     
  2.81000267750E+09  0.0710901      -0.144075      -0.493682       -0.443202      -0.492524       -0.425664       0.121269       -0.139045     
  2.82000265500E+09  0.0664085      -0.145227      -0.506491       -0.42436       -0.506294       -0.408176       0.117367       -0.14077      
  2.83000263250E+09  0.0625367      -0.146073      -0.517602       -0.410205      -0.519265       -0.390008       0.115371       -0.141907     
  2.84000261000E+09  0.0581599      -0.146585      -0.533191       -0.393253      -0.532478       -0.372929       0.112456       -0.144959     
  2.85000258750E+09  0.0542225      -0.147753      -0.546468       -0.376769      -0.543993       -0.356338       0.109479       -0.146888     
  2.86000256500E+09  0.0497249      -0.147631      -0.552357       -0.362064      -0.55402        -0.339677       0.108464       -0.147027     
  2.87000254250E+09  0.0449569      -0.149124      -0.558949       -0.348334      -0.566362       -0.318119       0.106485       -0.147257     
  2.88000252000E+09  0.0398998      -0.150363      -0.568625       -0.336593      -0.578417       -0.299514       0.105829       -0.147401     
  2.89000249750E+09  0.0332964      -0.150639      -0.57071        -0.324618      -0.589335       -0.274943       0.106212       -0.146042     
  2.90000247500E+09  0.0270163      -0.152648      -0.577416       -0.302041      -0.602329       -0.247245       0.102385       -0.146175     
  2.91000245250E+09  0.0240171      -0.151999      -0.581419       -0.282692      -0.609893       -0.231637       0.0996687      -0.145191     
  2.92000243000E+09  0.0214547      -0.151442      -0.59499        -0.245319      -0.614451       -0.214094       0.0901224      -0.149516     
  2.93000240750E+09  0.0177723      -0.152391      -0.614381       -0.207527      -0.622021       -0.191543       0.0824015      -0.154898     
  2.94000238500E+09  0.0129064      -0.152352      -0.617416       -0.191909      -0.626984       -0.171203       0.0806181      -0.155042     
  2.95000236250E+09  0.00917169     -0.151317      -0.623458       -0.167851      -0.630533       -0.151868       0.076731       -0.156252     
  2.96000234000E+09  0.0053418      -0.151219      -0.631319       -0.139426      -0.633992       -0.133197       0.0714528      -0.158011     
  2.97000231750E+09  0.00303471     -0.150945      -0.640337       -0.106202      -0.637429       -0.112906       0.0649308      -0.161345     
  2.98000229500E+09 -0.000671465    -0.14957       -0.649611       -0.0756121     -0.639815       -0.092517       0.0597678      -0.164833     
  2.99000227250E+09 -0.00391996     -0.148652      -0.652671       -0.0561259     -0.6403         -0.0714399      0.0567181      -0.165789     
  3.00000225000E+09 -0.00761229     -0.147826      -0.656863       -0.035893      -0.642816       -0.0509449      0.0546936      -0.166563     
  3.01000222750E+09 -0.0114869      -0.146761      -0.658634       -0.0177741     -0.643224       -0.0293171      0.0519797      -0.166859     
  3.02000220500E+09 -0.0143409      -0.14578       -0.657959        0.000124655   -0.643332       -0.00662121     0.0490717      -0.167077     
  3.03000218250E+09 -0.0183465      -0.144284      -0.657856        0.0151578     -0.643256        0.0137183      0.0480962      -0.167305     
  3.04000216000E+09 -0.0214602      -0.143016      -0.655463        0.0284667     -0.641875        0.0317584      0.0474218      -0.166607     
  3.05000213750E+09 -0.0236413      -0.141979      -0.653067        0.0436877     -0.641021        0.0517487      0.0448531      -0.166338     
  3.06000211500E+09 -0.0267702      -0.140875      -0.650428        0.064367      -0.638578        0.0724023      0.0420519      -0.16663      
  3.07000209250E+09 -0.0306201      -0.138526      -0.648397        0.0872334     -0.635374        0.0937305      0.0386988      -0.167368     
  3.08000207000E+09 -0.0338355      -0.136794      -0.644981        0.110869      -0.63216         0.114998       0.0349899      -0.167727     
  3.09000204750E+09 -0.0362041      -0.134769      -0.64144         0.131615      -0.628312        0.134714       0.0327775      -0.167482     
  3.10000202500E+09 -0.0404989      -0.133324      -0.636004        0.153694      -0.622966        0.157056       0.0292028      -0.168049     
  3.11000200250E+09 -0.0438429      -0.131461      -0.630769        0.174431      -0.617145        0.178744       0.0272474      -0.168077     
  3.12000198000E+09 -0.0461801      -0.129872      -0.625844        0.193513      -0.611521        0.196366       0.0249063      -0.16756      
  3.13000195750E+09 -0.0507147      -0.128467      -0.617033        0.214445      -0.603184        0.219753       0.0218692      -0.167478     
  3.14000193500E+09 -0.0537992      -0.126732      -0.609957        0.235939      -0.595126        0.240295       0.0188406      -0.16727      
  3.15000191250E+09 -0.055991       -0.124321      -0.601945        0.257367      -0.58836         0.258819       0.0152499      -0.166456     
  3.16000189000E+09 -0.0597446      -0.122184      -0.593272        0.278935      -0.578121        0.278401       0.0122432      -0.167116     
  3.17000186750E+09 -0.0614186      -0.120175      -0.583412        0.29638       -0.569101        0.298226       0.00983844     -0.166361     
  3.18000184500E+09 -0.0651779      -0.118362      -0.574166        0.31594       -0.557696        0.320099       0.00701363     -0.165317     
  3.19000182250E+09 -0.0679464      -0.1162        -0.562844        0.335211      -0.545012        0.340923       0.00331164     -0.164946     
  3.20000180000E+09 -0.0703309      -0.114504      -0.549213        0.354493      -0.532778        0.361308      -0.000397365    -0.164147     
  3.21000177750E+09 -0.0728371      -0.112575      -0.541057        0.37133       -0.52082         0.380838      -0.00271705     -0.164312     
  3.22000175500E+09 -0.0744779      -0.110211      -0.529631        0.387558      -0.509396        0.396961      -0.00482993     -0.163229     
  3.23000173250E+09 -0.0758132      -0.109198      -0.517895        0.401977      -0.497264        0.412031      -0.00747437     -0.162121     
  3.24000171000E+09 -0.0776202      -0.107237      -0.507512        0.416111      -0.486051        0.428201      -0.00869337     -0.162104     
  3.25000168750E+09 -0.0792269      -0.105038      -0.500882        0.424103      -0.47153         0.443796      -0.00869589     -0.160849     
  3.26000166500E+09 -0.0814153      -0.101602      -0.493905        0.429865      -0.456704        0.461131      -0.0077279      -0.159821     
  3.27000164250E+09 -0.082919       -0.0983713     -0.474148        0.445459      -0.440869        0.476755      -0.0113196      -0.158272     
  3.28000162000E+09 -0.0845973      -0.0974072     -0.440607        0.476953      -0.423476        0.491843      -0.0211151      -0.156083     
  3.29000159750E+09 -0.0867222      -0.0957694     -0.403359        0.514581      -0.405283        0.507059      -0.0321822      -0.156581     
  3.30000157500E+09 -0.0890112      -0.0926756     -0.379877        0.53589       -0.384568        0.522494      -0.0384464      -0.1557       
  3.31000155250E+09 -0.0904683      -0.0906052     -0.359335        0.556934      -0.365377        0.536433      -0.0423675      -0.156266     
  3.32000153000E+09 -0.0920415      -0.0878124     -0.352617        0.564374      -0.348096        0.548253      -0.0409653      -0.156518     
  3.33000150750E+09 -0.0921945      -0.085194      -0.336925        0.574753      -0.329652        0.559947      -0.0424994      -0.156063     
  3.34000148500E+09 -0.0944644      -0.0835993     -0.320626        0.586302      -0.312232        0.572546      -0.0442135      -0.155609     
  3.35000146250E+09 -0.0950677      -0.080705      -0.304744        0.596875      -0.293207        0.58417       -0.0452476      -0.154004     
  3.36000144000E+09 -0.0972502      -0.0790425     -0.284019        0.606738      -0.269813        0.596689      -0.0477237      -0.1524       
  3.37000141750E+09 -0.0993395      -0.0764589     -0.262837        0.618571      -0.246923        0.608784      -0.0502269      -0.151653     
  3.38000139500E+09 -0.100049       -0.0751572     -0.246984        0.625428      -0.228759        0.617215      -0.0516075      -0.150466     
  3.39000137250E+09 -0.101446       -0.0737473     -0.230506        0.63351       -0.209045        0.626035      -0.0523526      -0.150045     
  3.40000135000E+09 -0.10169        -0.0728284     -0.216535        0.64141       -0.195345        0.634802      -0.0536363      -0.149212     
  3.41000132750E+09 -0.101201       -0.072256      -0.208299        0.645784      -0.184225        0.637971      -0.0527477      -0.148192     
  3.42000130500E+09 -0.101141       -0.070872      -0.196597        0.646422      -0.170908        0.639922      -0.0522486      -0.147231     
  3.43000128250E+09 -0.101994       -0.0693447     -0.18006         0.651646      -0.151252        0.644349      -0.0539328      -0.145819     
  3.44000126000E+09 -0.103537       -0.0663767     -0.158793        0.655001      -0.126801        0.648066      -0.0560151      -0.144116     
  3.45000123750E+09 -0.105235       -0.0636189     -0.130397        0.660782      -0.100108        0.653145      -0.0596622      -0.142118     
  3.46000121500E+09 -0.10664        -0.0605732     -0.111902        0.662249      -0.0731359       0.655511      -0.0613612      -0.141244     
  3.47000119250E+09 -0.107798       -0.0585905     -0.098876        0.661009      -0.0480188       0.659037      -0.0609227      -0.13899      
  3.48000117000E+09 -0.108772       -0.0568855     -0.0784657       0.658574      -0.0229093       0.66256       -0.062523       -0.136261     
  3.49000114750E+09 -0.109522       -0.0538021     -0.047707        0.660086       0.00294514      0.663481      -0.0671261      -0.134388     
  3.50000112500E+09 -0.110628       -0.0524736     -0.0142661       0.659492       0.0249717       0.663103      -0.071542       -0.13146      
  3.51000110250E+09 -0.111927       -0.0504942      0.0287929       0.662454       0.0476958       0.662072      -0.0787789      -0.12914      
  3.52000108000E+09 -0.11409        -0.0474579      0.0675081       0.667614       0.0738827       0.660746      -0.0856803      -0.129108     
  3.53000105750E+09 -0.116344       -0.0437998      0.104824        0.670997       0.103989        0.657295      -0.0909907      -0.127237     
  3.54000103500E+09 -0.117923       -0.0416395      0.131496        0.669509       0.130818        0.655814      -0.0946983      -0.12551      
  3.55000101250E+09 -0.119657       -0.0400437      0.145418        0.670924       0.149551        0.656007      -0.095416       -0.125438     
  3.56000099000E+09 -0.120751       -0.0378185      0.162535        0.669184       0.168707        0.651518      -0.0967945      -0.124371     
  3.57000096750E+09 -0.121615       -0.0365811      0.182167        0.664704       0.191442        0.645808      -0.0983799      -0.123139     
  3.58000094500E+09 -0.123222       -0.0346736      0.20155         0.660053       0.215666        0.637975      -0.10076        -0.121055     
  3.59000092250E+09 -0.12564        -0.0317831      0.220408        0.652567       0.238652        0.62989       -0.103139       -0.118988     
  3.60000090000E+09 -0.126665       -0.0300365      0.243318        0.643361       0.26266         0.621986      -0.105274       -0.115955     
  3.61000087750E+09 -0.129257       -0.0270269      0.267425        0.63356        0.28571         0.61235       -0.108219       -0.113893     
  3.62000085500E+09 -0.130427       -0.0229668      0.293051        0.62392        0.308476        0.602377      -0.11198        -0.110364     
  3.63000083250E+09 -0.132425       -0.019871       0.317429        0.61237        0.33003         0.591191      -0.114517       -0.108265     
  3.64000081000E+09 -0.134418       -0.0176092      0.341859        0.599392       0.351658        0.579405      -0.119166       -0.104441     
  3.65000078750E+09 -0.136008       -0.0139922      0.364818        0.593557       0.374367        0.567733      -0.122992       -0.103274     
  3.66000076500E+09 -0.137511       -0.0103557      0.387901        0.580579       0.395168        0.554812      -0.125345       -0.0999702    
  3.67000074250E+09 -0.139258       -0.00694287     0.409636        0.563677       0.414647        0.540974      -0.12848        -0.09567      
  3.68000072000E+09 -0.141318       -0.00398513     0.430586        0.548272       0.434935        0.527731      -0.131716       -0.0927142    
  3.69000069750E+09 -0.142313        0.000938779    0.449786        0.534432       0.454688        0.51044       -0.135389       -0.0902175    
  3.70000067500E+09 -0.14345         0.00416823     0.470942        0.518171       0.473352        0.495269      -0.139576       -0.0857745    
  3.71000065250E+09 -0.145142        0.00886564     0.491631        0.499196       0.491113        0.478137      -0.142381       -0.0813625    
  3.72000063000E+09 -0.146233        0.0139764      0.508144        0.479591       0.50881         0.460211      -0.145938       -0.0773415    
  3.73000060750E+09 -0.147309        0.0189571      0.528125        0.458004       0.526301        0.440912      -0.148255       -0.0722344    
  3.74000058500E+09 -0.148896        0.0240965      0.548943        0.438916       0.545186        0.420712      -0.152586       -0.0668057    
  3.75000056250E+09 -0.149355        0.0290317      0.563462        0.419414       0.56322         0.400937      -0.154757       -0.061635     
  3.76000054000E+09 -0.150499        0.0362371      0.579333        0.402813       0.578516        0.380274      -0.157969       -0.0569187    
  3.77000051750E+09 -0.150617        0.0416282      0.596652        0.383748       0.593436        0.358187      -0.160525       -0.0523954    
  3.78000049500E+09 -0.150854        0.0472349      0.609862        0.362262       0.607372        0.335141      -0.1638         -0.0469702    
  3.79000047250E+09 -0.151035        0.0529425      0.631156        0.337373       0.623128        0.315323      -0.167817       -0.0399816    
  3.80000045000E+09 -0.151292        0.0601885      0.641859        0.313601       0.633607        0.290282      -0.170472       -0.0328394    
  3.81000042750E+09 -0.150708        0.066363       0.650468        0.293151       0.644375        0.264277      -0.173373       -0.028207     
  3.82000040500E+09 -0.149989        0.0747399      0.663237        0.265254       0.656196        0.236958      -0.17424        -0.0188833    
  3.83000038250E+09 -0.147421        0.0815706      0.673666        0.235898       0.664542        0.211347      -0.176637       -0.0103666    
  3.84000036000E+09 -0.14596         0.088961       0.682121        0.206121       0.673219        0.185064      -0.177393       -0.00249831   
  3.85000033750E+09 -0.143112        0.0967438      0.689756        0.178118       0.681366        0.155931      -0.178831        0.00497075   
  3.86000031500E+09 -0.140016        0.104765       0.696219        0.148516       0.687556        0.129871      -0.179371        0.0145576    
  3.87000029250E+09 -0.137091        0.111701       0.701286        0.119302       0.691134        0.102509      -0.17912         0.0225254    
  3.88000027000E+09 -0.132997        0.118365       0.702542        0.091839       0.695098        0.0741766     -0.178192        0.0310195    
  3.89000024750E+09 -0.128786        0.126737       0.706421        0.0624903      0.699076        0.0463249     -0.179157        0.041281     
  3.90000022500E+09 -0.124652        0.134609       0.711846        0.0265386      0.700098        0.0169491     -0.178069        0.0518568    
  3.91000020250E+09 -0.118133        0.142824       0.715313       -0.0070302      0.699414       -0.0122015     -0.177094        0.0639613    
  3.92000018000E+09 -0.111823        0.150317       0.716579       -0.0366633      0.69652        -0.0404931     -0.175451        0.0733955    
  3.93000015750E+09 -0.104907        0.159081       0.717778       -0.0667635      0.695458       -0.0707215     -0.172381        0.0844462    
  3.94000013500E+09 -0.0965157       0.166744       0.714462       -0.0970858      0.693274       -0.101645      -0.169597        0.0952245    
  3.95000011250E+09 -0.0884715       0.174336       0.706563       -0.122271       0.687589       -0.129401      -0.165278        0.104311     
  3.96000009000E+09 -0.07887         0.180251       0.692924       -0.144143       0.681426       -0.15611       -0.160198        0.112358     
  3.97000006750E+09 -0.0707403       0.188327       0.684209       -0.16983        0.676424       -0.183277      -0.155465        0.122354     
  3.98000004500E+09 -0.0609913       0.193912       0.676369       -0.196432       0.667222       -0.209484      -0.149898        0.133139     
  3.99000002250E+09 -0.0492708       0.200652       0.667874       -0.227316       0.658961       -0.240381      -0.142886        0.145152     
  4.00000000000E+09 -0.0363636       0.20547        0.654437       -0.260501       0.64748        -0.266619      -0.13405         0.155868     
