# Created by Octave 2.9.9, Wed Jun 06 12:37:33 2007 CEST <josele@josele-laptop>
# name: S11dB
# type: matrix
# rows: 401
# columns: 1
 -5.995662800125517
 -6.048384528746151
 -6.065006272753758
 -6.074501538677989
 -6.069211164617691
 -6.066497044147038
 -6.06608915894273
 -6.071863466670036
 -6.069908609680754
 -6.070888943891273
 -6.061570656031132
 -6.060136671540631
 -6.07032327860118
 -6.060945800426243
 -6.051386443458473
 -6.045047929480862
 -6.03313728971635
 -6.036008333693161
 -6.031904493979798
 -6.028412085480964
 -6.008299034978787
 -6.008369031918247
 -6.008369281836085
 -6.003117566948282
 -5.9918046880955
 -5.985130320320836
 -5.977189497447348
 -5.975747656864913
 -5.973969959828026
 -5.947507107818471
 -5.936482188377016
 -5.926802671135166
 -5.911076315431761
 -5.889198857515562
 -5.871700480566862
 -5.864846941225173
 -5.843321125233071
 -5.847905295838674
 -5.838153259151485
 -5.819376396734864
 -5.804264207835756
 -5.784450597700185
 -5.77904968211072
 -5.754918322960205
 -5.752306106795312
 -5.748501678994002
 -5.732764624196866
 -5.72820941621003
 -5.737123940232797
 -5.725508780959806
 -5.666637006949765
 -5.645619299752092
 -5.61122387753766
 -5.605413501207558
 -5.573385357557515
 -5.562833089863907
 -5.542294893824588
 -5.524208931906731
 -5.519178289894814
 -5.48066542939104
 -5.468515643612964
 -5.452350516609342
 -5.431067923883131
 -5.409276390536321
 -5.400886751038843
 -5.381746825412527
 -5.379233667594939
 -5.383313825562736
 -5.384084748727139
 -5.35570246811221
 -5.313655226479463
 -5.290778136280978
 -5.272739298751398
 -5.242332494117092
 -5.209602651565911
 -5.189678344392706
 -5.170008069687269
 -5.151394421725774
 -5.117890966941271
 -5.102465867672562
 -5.087007750374689
 -5.065982541729372
 -5.033125002995322
 -5.02177719289859
 -4.997717473842298
 -4.976888040764006
 -4.968727628939286
 -4.942835475826216
 -4.94360334892559
 -4.924074451762947
 -4.902849409994658
 -4.892362541291871
 -4.871082966408841
 -4.85343819216162
 -4.845015541615076
 -4.814615300924671
 -4.796157331493689
 -4.773679014043447
 -4.738610637663381
 -4.719591624979005
 -4.648040743574366
 -4.676439888719413
 -4.64712626549722
 -4.644725790893776
 -4.62172818312072
 -4.608076622818943
 -4.585430279332535
 -4.571844172145688
 -4.54739256839367
 -4.520934840900368
 -4.511807524747296
 -4.496996473826036
 -4.472333395224227
 -4.476558789169609
 -4.446482410354353
 -4.435419405847332
 -4.417444089760257
 -4.398763095657402
 -4.378548637648295
 -4.368334054193638
 -4.344080917885239
 -4.342446780932327
 -4.32635315901943
 -4.304965938017694
 -4.302492469752504
 -4.274182051108244
 -4.256359624861713
 -4.242518502220544
 -4.238472256855238
 -4.232120326281411
 -4.199391179551679
 -4.19282716857174
 -4.189033729744001
 -4.188515887397572
 -4.181961612614251
 -4.147358063178994
 -4.147634875896278
 -4.127397312950357
 -4.130907905424638
 -4.109296704490602
 -4.099853315069602
 -4.103558516557019
 -4.083680960435403
 -4.095690505750553
 -4.070458729591349
 -4.071992403216801
 -4.084825624350236
 -4.082354818594276
 -4.078914640070487
 -4.077118067415157
 -4.069521061810065
 -4.075349226796478
 -4.083619010682599
 -4.095233358339112
 -4.091197490895005
 -4.110054204922685
 -4.122855761782203
 -4.141203781176684
 -4.165953932125299
 -4.187149445168993
 -4.218095066982243
 -4.240324791183153
 -4.279740892679976
 -4.303999937090969
 -4.345632029479381
 -4.382033573313821
 -4.419753244430561
 -4.458806063702451
 -4.510811385423525
 -4.567763049038687
 -4.621946686917359
 -4.681406698252753
 -4.741533281077544
 -4.805791169721627
 -4.889235127470791
 -4.965874652331967
 -5.031739551353478
 -5.129765219560461
 -5.21134732844197
 -5.289285875904756
 -5.377646031429203
 -5.479546755243807
 -5.571129818386761
 -5.673401129380617
 -5.782986366294212
 -5.903279736233776
 -6.012597439427269
 -6.118561592585925
 -6.244496461225952
 -6.371984142475232
 -6.479078961446976
 -6.610775584136015
 -6.72883397098989
 -6.867729877392975
 -7.020196629331701
 -7.154604740462222
 -7.28903266528699
 -7.405344417208735
 -7.551722562489454
 -7.707680993595022
 -7.850295222880304
 -7.981041238605011
 -8.129633440332109
 -8.271803260880924
 -8.41177144848367
 -8.554875966746966
 -8.695325834898064
 -8.839091619321627
 -8.964389659642855
 -9.112989447701059
 -9.25485214313577
 -9.394624918331722
 -9.561611534248568
 -9.698828437385114
 -9.864634872227608
 -9.984193889770733
 -10.13061719711766
 -10.2446019043263
 -10.38424125771051
 -10.53749755090735
 -10.69651040530533
 -10.82347305442216
 -10.95327678178104
 -11.05570213207336
 -11.20631984388146
 -11.31724260504698
 -11.44330934792976
 -11.55237888867261
 -11.68816432187253
 -11.79707342808976
 -11.9192363571841
 -12.04064697638127
 -12.1413562341154
 -12.26297825746244
 -12.37398326449797
 -12.49911807467769
 -12.63840357507971
 -12.72268741582873
 -12.82701874992908
 -12.89939396483927
 -13.04069844830653
 -13.12111917731841
 -13.23196100867901
 -13.37266390033668
 -13.47840375059304
 -13.54312667952869
 -13.67265575409702
 -13.74596563262964
 -13.84967111870051
 -13.9290818386741
 -13.9958718099496
 -14.0739823220739
 -14.17393352831189
 -14.29550196792253
 -14.35841544268921
 -14.40436479400667
 -14.44344519623923
 -14.52915562880825
 -14.59609997192518
 -14.71263335432045
 -14.79697511842519
 -14.86080375109537
 -14.88544935616407
 -14.94222246765504
 -15.04524286611288
 -15.12018397651671
 -15.16899113580641
 -15.24439459412893
 -15.2763627107964
 -15.307601650035
 -15.3816347820365
 -15.40458732001844
 -15.49474112528332
 -15.57094069949765
 -15.63611835470016
 -15.62507746921908
 -15.69204892590787
 -15.72136326834116
 -15.76879782452581
 -15.79374391363468
 -15.86870791727521
 -15.88188305211925
 -15.93443292825285
 -15.97770263270876
 -16.04328821506409
 -16.06055960744633
 -16.14975358264321
 -16.15125490111307
 -16.1616622518636
 -16.23409200958829
 -16.19222872811059
 -16.25608818487856
 -16.30877256471958
 -16.28214361406946
 -16.31198087608275
 -16.38631939261106
 -16.40245679743717
 -16.42187029896795
 -16.50302260076464
 -16.55356592194546
 -16.5934824219517
 -16.64126258536199
 -16.68421489784711
 -16.74597918299622
 -16.79560478361409
 -16.83674234383396
 -16.86926001772303
 -16.96220021248368
 -17.02076752030984
 -17.10557764387955
 -17.11852541923175
 -17.16603906377507
 -17.21261530587445
 -17.19518357759307
 -17.2226810636223
 -17.30704184395393
 -17.32867076130221
 -17.39588109496629
 -17.38553417280745
 -17.41862101221744
 -17.43339935074304
 -17.45249595049269
 -17.5218816146565
 -17.52718118653904
 -17.56350160799189
 -17.61705864372175
 -17.70793980223517
 -17.811371059616
 -17.78719702557072
 -17.77478148104255
 -17.82206617768318
 -17.85319954972447
 -17.90950216068883
 -18.02503217988072
 -17.98265245268848
 -18.08237081620121
 -18.03953259912668
 -18.03704969730884
 -18.05252419627325
 -18.03272515013111
 -18.05629097591207
 -18.10718266876519
 -18.1666345765138
 -18.17829001630001
 -18.20282316136251
 -18.20397381482968
 -18.2271745165491
 -18.22369567160163
 -18.21964331244754
 -18.27113047621806
 -18.24139468154367
 -18.216759178408
 -18.16195651790097
 -18.10949289633908
 -18.05772084725555
 -17.98021595449035
 -17.95580377653098
 -17.92409115333276
 -17.85529174546794
 -17.74805122226607
 -17.7092732488825
 -17.58507675800349
 -17.56003189029462
 -17.46389742827237
 -17.35695073530171
 -17.28298743773692
 -17.20869054981697
 -17.11281533592756
 -16.99259810494994
 -16.9349195453881
 -16.862323701073
 -16.74796423721018
 -16.65960030049926
 -16.56408014662177
 -16.43005997428978
 -16.35453589058575
 -16.20457427295328
 -16.12283014657375
 -16.02267371385672
 -15.91514464265585
 -15.76558740843114
 -15.66759175154149
 -15.51560323339528
 -15.46884877401873
 -15.34343850335104
 -15.25195252153188
 -15.14559884746769
 -15.04857457128404
 -14.98961627794435
 -14.86142075167076
 -14.72915513453929
 -14.64021416104012
 -14.54698033010462
 -14.3994692146351
 -14.30405582342459
 -14.17706508258723
 -14.12166732646535
 -13.92853392748261
 -13.83820743206311
 -13.69685678466394
 -13.61109258149929
# name: S11rad
# type: matrix
# rows: 401
# columns: 1
 -3.14010047920963
 3.104754297686258
 3.07561599989547
 3.045052653599909
 3.015498311399657
 2.986941126947045
 2.958327997659825
 2.928861360587082
 2.900413241209077
 2.871732071018004
 2.841855085002541
 2.812356442460425
 2.783566400931438
 2.755077519127952
 2.726039202528241
 2.696039272326543
 2.667460459777436
 2.637684266550945
 2.609704402477006
 2.580309976034164
 2.551918887133664
 2.520858632713683
 2.49338416053966
 2.462788124976965
 2.434244846243773
 2.402898777245209
 2.374542113727168
 2.344868464288957
 2.318572015246732
 2.288852630664548
 2.258838852470778
 2.229765319246707
 2.200817669683087
 2.171410618284922
 2.14294556791945
 2.111185169032934
 2.080680352027375
 2.051578706576858
 2.025311469645054
 1.993360487328879
 1.963564613417941
 1.935863993285221
 1.904778640004962
 1.873122866285003
 1.844245724130312
 1.815369754032707
 1.784267867282029
 1.75192842795927
 1.723831650273194
 1.699067039041937
 1.669143985833768
 1.637682204404606
 1.607590367286653
 1.575365416501429
 1.545158186624795
 1.514031665082501
 1.483350061291921
 1.453191840960592
 1.424408996977501
 1.394013555512998
 1.36494335256544
 1.333938397831644
 1.302986397590099
 1.272583828997331
 1.24048065118406
 1.210133985665666
 1.177659079523244
 1.14723845781634
 1.114877536155531
 1.087819927669927
 1.057186328171041
 1.024150421085791
 0.9907393544090898
 0.958736806554805
 0.9263093063688945
 0.894002281469808
 0.8619060914205036
 0.8293377161948794
 0.7980388722812042
 0.7650199879404763
 0.7330108262328214
 0.701921067846934
 0.6711190019600937
 0.6380305548283886
 0.6063505119546226
 0.5735369321986616
 0.5402712086038396
 0.5075080867789756
 0.4723920209682689
 0.4404885647085669
 0.4070285588521593
 0.3780077293213824
 0.3427170389298098
 0.3075292108696619
 0.2734589769886222
 0.2396404875479697
 0.2050434522936122
 0.1709402938583128
 0.1357736365915791
 0.1012372981663474
 0.06410463437881472
 0.03137655938591603
 -0.004321857076982192
 -0.04049863655052673
 -0.07539123692654415
 -0.1109369151926007
 -0.1477140357861889
 -0.1851473635872876
 -0.2209189176806483
 -0.2576802970476741
 -0.2926175807151996
 -0.3298990261797279
 -0.3677576319871887
 -0.4039449195064774
 -0.4427346061434624
 -0.4805239739625876
 -0.5177016732588523
 -0.5582619567615877
 -0.5963918541465367
 -0.6362879408791727
 -0.6750785518469442
 -0.7128560617141992
 -0.7522912668506557
 -0.7917996638720243
 -0.8326291235780272
 -0.8733180410901057
 -0.9136668115099722
 -0.9553044964719261
 -0.9947668667340602
 -1.035380106923002
 -1.077378102676108
 -1.118844866459478
 -1.161575102869046
 -1.203696334161249
 -1.246987321776419
 -1.292074849932515
 -1.335917303483092
 -1.380683147063756
 -1.424477218544732
 -1.468305616847139
 -1.513561291584681
 -1.560147480963397
 -1.607058260890907
 -1.652158328405291
 -1.700459874400166
 -1.750121245596539
 -1.791430344927735
 -1.839599551911178
 -1.885528877566859
 -1.936335587991497
 -1.984845724721061
 -2.035147457650755
 -2.083401968186701
 -2.133900600475382
 -2.184408651474847
 -2.235441418183262
 -2.287629037392622
 -2.340383729998278
 -2.392146054875758
 -2.445947452352772
 -2.496945458942684
 -2.551777920778685
 -2.603522081060342
 -2.658130756273402
 -2.710790014001785
 -2.766017712511681
 -2.81867805578927
 -2.872534132828121
 -2.930472318644226
 -2.980607360632332
 -3.034138051180334
 -3.089162074150302
 3.140386348916741
 3.08195306420875
 3.027756488426511
 2.974626182015872
 2.918507960422958
 2.859619475737999
 2.803560493366013
 2.750330900885196
 2.69528822594608
 2.640248673768745
 2.584142808379553
 2.531060795666095
 2.474836347689796
 2.421791304362725
 2.367907792057824
 2.311040340679723
 2.257218928942241
 2.204599597067133
 2.151864132235522
 2.101087750802396
 2.045835862775248
 1.995060547572822
 1.94484649757803
 1.89443861403435
 1.844767850778564
 1.794503928635558
 1.743469986707667
 1.695343157482319
 1.645617212576787
 1.599388331301369
 1.551943687400609
 1.505378929780651
 1.457398895895653
 1.408589902311096
 1.364525845648619
 1.317141909811432
 1.269424806484942
 1.223501181711765
 1.18063461863941
 1.137691055894055
 1.096600075228574
 1.051830931261326
 1.007751333416549
 0.965181990092619
 0.9282890932691346
 0.8862971236962918
 0.8468352171197291
 0.8066734722800675
 0.7677498582542808
 0.7303161303542461
 0.6903606926963221
 0.6511830356417587
 0.6111572761067932
 0.5752968122037408
 0.5384369361357925
 0.4992718839167722
 0.4629382382098401
 0.4247162422345832
 0.3921518224779986
 0.3605797313452797
 0.3268268023207315
 0.2930360259008017
 0.2566029553820323
 0.2237413188131574
 0.1861891066509269
 0.1568388331690253
 0.1196312618035646
 0.08784243697159821
 0.06388800314286139
 0.03185802038186566
 0.002390114363052621
 -0.0320474306024262
 -0.06711774021380239
 -0.09722248256074237
 -0.1237428106169845
 -0.1617254240155283
 -0.1929565733529127
 -0.2243421004668175
 -0.2546024252818689
 -0.2830280122197549
 -0.3132410889506553
 -0.3444875141186289
 -0.3736210848312205
 -0.3993709687164912
 -0.4232406364660948
 -0.4553375509880142
 -0.4866229024303231
 -0.5161939954931111
 -0.5353951176080455
 -0.5665149180515681
 -0.6010817316052813
 -0.6323274968775742
 -0.6563852832061617
 -0.6776305079402264
 -0.7106288815532907
 -0.740333488814906
 -0.765968424343983
 -0.7950919580045402
 -0.8206187221382141
 -0.853297034145873
 -0.8805017239063567
 -0.9081714333332574
 -0.9341129622131813
 -0.954949900237728
 -0.9965456923794349
 -1.025434809135585
 -1.049236875475056
 -1.068862006254328
 -1.087545495602483
 -1.1124231357368
 -1.141910008395349
 -1.166286403099879
 -1.193081245953694
 -1.219074740271016
 -1.245912116582955
 -1.277988456610317
 -1.311417514527099
 -1.353259596150402
 -1.395625971000652
 -1.414083673995111
 -1.430063435608608
 -1.454697751896393
 -1.486283764327518
 -1.510257967978464
 -1.5354860831108
 -1.55069429478353
 -1.575285599304015
 -1.597160262424655
 -1.622245815454665
 -1.648906514077077
 -1.668854401147849
 -1.697273065341525
 -1.719739613197381
 -1.73579514960502
 -1.758585335269234
 -1.788340556768714
 -1.813275905175223
 -1.833238445699874
 -1.865701841656184
 -1.892701367723397
 -1.912434982744705
 -1.94678450280389
 -1.972253194967371
 -1.993961588856613
 -2.025582976168311
 -2.043265698361697
 -2.074150529696982
 -2.099917178074199
 -2.121607754202331
 -2.1450664237884
 -2.165078602452865
 -2.177668174337181
 -2.197330109549629
 -2.217023957932696
 -2.246339143734426
 -2.271164889464717
 -2.285928037257734
 -2.306659065501452
 -2.336028450316559
 -2.355438443758628
 -2.379704243487194
 -2.395638248612819
 -2.417136982795803
 -2.437725136042443
 -2.459110667795131
 -2.485619449871896
 -2.497321487493292
 -2.51300019106488
 -2.520089604044454
 -2.521542291273226
 -2.53038045826526
 -2.544491222588253
 -2.571505448947535
 -2.597840677008129
 -2.625023060827897
 -2.64373716132803
 -2.659731087326286
 -2.684973799692873
 -2.698695393239794
 -2.717795166091328
 -2.747396166623919
 -2.781535538424238
 -2.802152114604509
 -2.818653922975848
 -2.838075568700987
 -2.849407293827615
 -2.86729425577042
 -2.893821035675151
 -2.908759922899422
 -2.935468077188879
 -2.967290245052623
 -2.992649163162894
 -3.011331161922862
 -3.039075541305696
 -3.066426379453767
 -3.091777733955911
 -3.113400391136229
 3.134996169899546
 3.112543803814152
 3.080585925727306
 3.046305854755138
 3.013606729334243
 2.981149259593401
 2.949606249231232
 2.905310593736854
 2.871939766349316
 2.838146090664958
 2.80444456405199
 2.762958344013788
 2.726799632314943
 2.679303932666056
 2.636206085780896
 2.594225218451631
 2.547155893244218
 2.499221514956931
 2.457895519496172
 2.414339741467545
 2.364213165941631
 2.317808042139471
 2.261858212458752
 2.210391343066112
 2.153790654129653
 2.095500912288303
 2.040407581815551
 1.983254205811234
 1.930114692955561
 1.875530264322975
 1.811585686088659
 1.745960241551781
# name: SN1dB
# type: matrix
# rows: 401
# columns: 1
 -6.035439986385864
 -5.91683381378345
 -5.930095834897365
 -5.941286538160329
 -5.943776124886067
 -5.938120954321732
 -5.94810277509784
 -5.941244366630851
 -5.954381003320427
 -5.954949908662009
 -5.958459867207075
 -5.97407510029781
 -5.983932771179079
 -5.990963491339754
 -5.99324399414043
 -6.003089256624076
 -6.002987946834085
 -6.029055652145639
 -6.048952758239495
 -6.047059622446299
 -6.072806637777828
 -6.075528660202977
 -6.084201071019352
 -6.124123387394079
 -6.128540994094253
 -6.141504151626761
 -6.14326516710559
 -6.185320326251596
 -6.208661563092215
 -6.214176966469553
 -6.226659605320229
 -6.257592581766049
 -6.282429929134091
 -6.295582810872831
 -6.305383969364341
 -6.328717999246596
 -6.342483166573803
 -6.371999412223463
 -6.401101124713417
 -6.432308901891284
 -6.471898019259572
 -6.482364684727458
 -6.507180146173987
 -6.514541864318134
 -6.553714885927859
 -6.582614924840242
 -6.613102405038318
 -6.658244333389451
 -6.725317659195756
 -6.765104364410293
 -6.768131805138608
 -6.769577397074996
 -6.798452000616297
 -6.833749956213393
 -6.867402512915865
 -6.901949545337166
 -6.946070306066551
 -6.982217015199569
 -7.022001284884169
 -7.053580678586972
 -7.085505723017125
 -7.12480836244594
 -7.156377620638555
 -7.208172735419235
 -7.250760346810478
 -7.287290928322222
 -7.360118439271984
 -7.422491720978473
 -7.488904815043216
 -7.546451498311147
 -7.566836077332195
 -7.593284838641599
 -7.641763973769747
 -7.67912579930406
 -7.723192113486249
 -7.777900863214596
 -7.83320738090209
 -7.877895624178704
 -7.927793268205718
 -7.983270958178527
 -8.046757978663781
 -8.104188565759481
 -8.172750568157669
 -8.226337425853007
 -8.295696360515993
 -8.359980997210082
 -8.4303208219438
 -8.503440281783751
 -8.592757042749735
 -8.670385626600162
 -8.77412002692741
 -8.838109316477532
 -8.907172569409589
 -8.974111634842025
 -9.039781819506768
 -9.118179434958002
 -9.224436488028864
 -9.288693339745841
 -9.373693424543143
 -9.476259388793975
 -9.521784811197273
 -9.67165583557864
 -9.759149343860106
 -9.859329641325463
 -9.965067106784819
 -10.0684210322043
 -10.17280213054364
 -10.2956930832695
 -10.40185114957323
 -10.51819714227063
 -10.66171900953209
 -10.7495149044784
 -10.86534970745804
 -10.98959660978764
 -11.1186395043944
 -11.25032039292262
 -11.38404805542627
 -11.49865144786977
 -11.64126169387787
 -11.77244703922207
 -11.90406170058653
 -12.06060955270688
 -12.1776644846197
 -12.30816145562458
 -12.42570505604176
 -12.55346626400241
 -12.65901142322044
 -12.76123975313111
 -12.89496435315744
 -13.01339153025935
 -13.12937828108586
 -13.23570914528842
 -13.30875004802848
 -13.3692602630057
 -13.41493599228547
 -13.46853589475887
 -13.52224120303722
 -13.50340319598107
 -13.49877170910725
 -13.49593494267875
 -13.4089365729436
 -13.33189814183227
 -13.24556954427194
 -13.14522797872174
 -12.96282288831612
 -12.83966028851909
 -12.67809255878577
 -12.4880274017047
 -12.29725728854741
 -12.06769196828172
 -11.81646421690469
 -11.57493899841388
 -11.33578385673333
 -11.07356004280477
 -10.80189143518595
 -10.54546964169223
 -10.29138035750113
 -9.99977312853421
 -9.735534189078104
 -9.474296167545827
 -9.200336083603611
 -8.948790648185543
 -8.688503975418811
 -8.426162431648876
 -8.181483861245015
 -7.933741584294972
 -7.686190211566151
 -7.442223455010277
 -7.218791457681297
 -7.014313584765349
 -6.775648988992309
 -6.574766210717278
 -6.366475065779458
 -6.164415006386081
 -5.964632706480117
 -5.791862565926599
 -5.619296089751175
 -5.441422758782352
 -5.288837518213739
 -5.106522524843235
 -4.946628789275419
 -4.830100008444876
 -4.685282859651776
 -4.569391343470731
 -4.447794431898963
 -4.332812294888347
 -4.211233555973619
 -4.108463188349804
 -4.009623440801463
 -3.923031110736744
 -3.830235853121238
 -3.752560061112537
 -3.654971767188329
 -3.593615315263796
 -3.54582595243069
 -3.499634659593827
 -3.453883438988907
 -3.380164558471081
 -3.331050908350064
 -3.266100249934889
 -3.226860303831838
 -3.190578825497592
 -3.154514272416778
 -3.139486768401057
 -3.120405391884791
 -3.104996037902215
 -3.078265415631835
 -3.068222286206246
 -3.050176516125905
 -3.042994516279671
 -3.013156718376207
 -2.998667089764605
 -3.01065417653887
 -2.988543422675709
 -2.972516185823319
 -2.960095055466193
 -2.95246533887567
 -2.979196806890049
 -2.967369811516055
 -2.937812605602908
 -2.956174642609326
 -2.951467426198138
 -2.960991838440537
 -2.966161576574107
 -2.967417684245437
 -2.955449320724993
 -2.950236936371203
 -2.988198950586427
 -3.024605982963229
 -3.03233993348567
 -3.044206618892134
 -3.052954868901644
 -3.099913764077934
 -3.117348329689552
 -3.096190789593183
 -3.099606316359806
 -3.124863431350835
 -3.142859282433372
 -3.171719864860343
 -3.189524051112414
 -3.217867676938315
 -3.255710880346415
 -3.251100627833465
 -3.224327450674245
 -3.187646890681591
 -3.16791026898179
 -3.256922845800559
 -3.325872727440817
 -3.258906310726819
 -3.267865393807779
 -3.297953435107014
 -3.326032529125775
 -3.338722254236037
 -3.328638057886222
 -3.374156347374732
 -3.390747287846642
 -3.403961976325394
 -3.421108748448893
 -3.413149844877962
 -3.41763739862298
 -3.434106150926648
 -3.462783162992975
 -3.452148721755081
 -3.435551200919707
 -3.429719933093877
 -3.463486784138127
 -3.479400989345147
 -3.482568677091912
 -3.512000188350458
 -3.506809386639991
 -3.511244137280146
 -3.527567697656067
 -3.528900765911747
 -3.549943257300518
 -3.553418874811181
 -3.568008874464667
 -3.572114644258058
 -3.540729781537825
 -3.545548043069989
 -3.544893312589097
 -3.517794302983857
 -3.563993629475084
 -3.599018029811481
 -3.603342792966423
 -3.575942821759593
 -3.55973097764187
 -3.603256935409578
 -3.627499389167226
 -3.598871857228568
 -3.654353255105177
 -3.719811414926077
 -3.788623488527347
 -3.827956598710409
 -3.762014998567578
 -3.787909070233238
 -3.799953614162767
 -3.788203007803276
 -3.753978837564719
 -3.688489294303614
 -3.674115778761944
 -3.637555892135162
 -3.623955432523847
 -3.636023206744987
 -3.635078152486705
 -3.660852611221829
 -3.681453457810445
 -3.693690671904422
 -3.685274795286417
 -3.682596061616536
 -3.677778555477993
 -3.684315072936008
 -3.682562806143295
 -3.674131540103098
 -3.698606847927556
 -3.688457689540145
 -3.679726030591608
 -3.667574360767829
 -3.683425192232936
 -3.670523239786862
 -3.673809831218422
 -3.692668973859941
 -3.658970835449618
 -3.658148437122615
 -3.667328415575934
 -3.658081939414266
 -3.657786131883896
 -3.678201098678072
 -3.734029854184192
 -3.750801427237389
 -3.690719183107252
 -3.650346725525861
 -3.572416413768067
 -3.537367210806546
 -3.527545130528869
 -3.501288685047331
 -3.476292198658951
 -3.479492874205822
 -3.451370542333764
 -3.447066309458627
 -3.424967519368867
 -3.388556443667921
 -3.368406805998048
 -3.40548008916852
 -3.4002287666385
 -3.427131650141162
 -3.432922683033421
 -3.457312206833969
 -3.499749461480031
 -3.566691606462124
 -3.585363154203031
 -3.613777598007284
 -3.568688863752441
 -3.465310419971603
 -3.360871181087648
 -3.320490623743247
 -3.267160062535872
 -3.240156902590818
 -3.232915574101272
 -3.221263799218477
 -3.238339204083692
 -3.250314232814417
 -3.252174578598884
 -3.231646460744129
 -3.226137295512781
 -3.222668414450431
 -3.138983621943578
 -3.119904943421078
 -3.137808779985906
 -3.133579318012679
 -3.11646921710518
 -3.095491324596824
 -3.090090145679054
 -3.113863443561002
 -3.109721646759613
 -3.062856472891358
 -3.068030299858033
 -3.02870924685263
 -2.982109207041005
 -2.982892171097489
 -2.905787091301515
 -2.921501235318792
 -2.932428617650636
 -2.922229423514897
 -2.928781910068705
 -2.943287490718598
 -2.945730574692215
 -2.951823339853301
 -2.958194260441107
 -2.992965738107527
 -2.984875642987342
 -2.946246947031657
 -2.909658166147806
 -2.88336440100756
 -2.8427851956161
 -2.840955514619926
 -2.888835781087312
 -3.002308701435059
 -3.036574315050738
 -3.044653053570614
 -3.03007714391746
 -3.043882665610167
# name: SN1rad
# type: matrix
# rows: 401
# columns: 1
 0.002423699788880025
 -0.02459828429891426
 -0.05845913089240074
 -0.09425158279240479
 -0.1291163798645561
 -0.1629107904946902
 -0.1980184987272364
 -0.2321663269151005
 -0.2679404460260107
 -0.3018099274501544
 -0.3357510902529729
 -0.3709906865854335
 -0.4060060661063296
 -0.4404723133370089
 -0.4752700676742602
 -0.5105919758571351
 -0.5452096983168391
 -0.5802241614858324
 -0.6130700551707107
 -0.6475935680163066
 -0.6819098593632869
 -0.71637296117103
 -0.7512593748916039
 -0.7859234027481138
 -0.8199080245732349
 -0.8560013643091942
 -0.8882860340539429
 -0.9230241717322677
 -0.9561626437048836
 -0.9908129003368222
 -1.024239016629192
 -1.059707399567658
 -1.091399121285301
 -1.125482580506631
 -1.15861178986852
 -1.194271887454191
 -1.228967200660983
 -1.263488649014071
 -1.294634705823238
 -1.329516335883016
 -1.363530649085456
 -1.397334898619335
 -1.432983916039164
 -1.465992788897081
 -1.501479393042774
 -1.535117989079764
 -1.570114075225271
 -1.604520305137618
 -1.6383714336819
 -1.665540598069396
 -1.697994804301004
 -1.733351702509765
 -1.766159812221336
 -1.801503053077959
 -1.835117340342529
 -1.869351731410831
 -1.903030878140864
 -1.938993205234572
 -1.971930333212659
 -2.003136451935761
 -2.036226490334233
 -2.070906676912732
 -2.105024908185367
 -2.137910868765924
 -2.17083212692491
 -2.204408136858369
 -2.238497154189258
 -2.272535702868168
 -2.302606076487846
 -2.332036227214346
 -2.364121269865861
 -2.398274826332352
 -2.42860469681427
 -2.46401094095079
 -2.496058933309265
 -2.528968737687147
 -2.562311986923991
 -2.594023764078115
 -2.625274036123936
 -2.661550295253371
 -2.690914461070529
 -2.723548492561717
 -2.757539540761012
 -2.791202439920383
 -2.821964079660208
 -2.852587196007415
 -2.88615031092549
 -2.91983681034372
 -2.954685693072725
 -2.980752375580939
 -3.012578388343333
 -3.03897760244274
 -3.070744824560836
 -3.102313713959099
 -3.131485062347253
 3.119101719127758
 3.091039361310525
 3.056724814488144
 3.030398338021775
 3.002042292490711
 2.972464062773541
 2.945300659386927
 2.914790739345596
 2.887245554079068
 2.858812156649169
 2.833569637587728
 2.804928795184256
 2.775970102752816
 2.749337777320678
 2.716293881888015
 2.695237334277027
 2.675305706606984
 2.65042676279195
 2.627148583987644
 2.602868925337249
 2.582298110039998
 2.561121256556842
 2.540919398902922
 2.521557651339554
 2.502948533780175
 2.486495026679695
 2.469329788290807
 2.449413006316671
 2.436727257504275
 2.421848184839513
 2.408846304623857
 2.395265494889221
 2.386208838509723
 2.379335544272241
 2.372540523535041
 2.370076609153403
 2.36725509564252
 2.361067742771406
 2.360953502718298
 2.356618564326892
 2.355131075731393
 2.363573934930387
 2.364538647444331
 2.37208825941792
 2.378200570622806
 2.376712904780442
 2.37959412461072
 2.381972479142326
 2.38557691082076
 2.385010187515667
 2.388153251926391
 2.393100605052475
 2.390227663108199
 2.391577946316496
 2.380683663642137
 2.373363604057736
 2.367265592794653
 2.358551943109213
 2.346850150191867
 2.331548493381852
 2.31798927470547
 2.300148416371534
 2.279161584890673
 2.256861876671646
 2.228347266423809
 2.204269101952437
 2.17956643354606
 2.149444408052235
 2.118753681958815
 2.091685209785824
 2.057154631576776
 2.025333834231367
 1.990456455875553
 1.95199377642638
 1.921172024459876
 1.887193967077092
 1.848839768509922
 1.807548046603864
 1.766288306064913
 1.729059385015149
 1.685581398234856
 1.643250835290564
 1.60203737577436
 1.562907324167068
 1.520589540660107
 1.474924005443429
 1.432637450794014
 1.388324690613942
 1.341203041620428
 1.29744026745431
 1.254458094844314
 1.212050174801935
 1.167171610143073
 1.120046956764941
 1.075027613940167
 1.031876948543474
 0.9877525403594463
 0.9428690498312438
 0.9000668625438448
 0.8576418656127804
 0.807970468196475
 0.7549065800616385
 0.7093516907568846
 0.6639673813551443
 0.627249262618238
 0.5845112646833586
 0.54048957733791
 0.4959739179182248
 0.4560226613653015
 0.4159547040612867
 0.372921209048669
 0.3293129187951481
 0.285824955713069
 0.2429801240340236
 0.200200403620224
 0.1576704954386868
 0.1170807823813174
 0.07657316401843998
 0.04066970421814198
 0.00107170866995168
 -0.03763934847811094
 -0.07713777316494039
 -0.114717677026542
 -0.154636679256355
 -0.2069227171132571
 -0.2446214350682962
 -0.2834729461460664
 -0.3209061030972991
 -0.3610548143109896
 -0.3995185189964813
 -0.437445406311163
 -0.4740603922460898
 -0.5064542762838318
 -0.5438546138733467
 -0.5843770260473335
 -0.6238304098541698
 -0.6588990179668249
 -0.6964481212607516
 -0.7363428652785642
 -0.7767317803620361
 -0.8144584723779034
 -0.8503655246742525
 -0.882511260687518
 -0.9174622886093585
 -0.952573010624007
 -0.9845946277392276
 -1.020568129287136
 -1.061577514970161
 -1.110985620404622
 -1.151110564242298
 -1.180091916881088
 -1.198535011225655
 -1.231002196038266
 -1.285727686672156
 -1.31385076678615
 -1.339742573193883
 -1.381837544271596
 -1.411999634849705
 -1.448569643742905
 -1.485876118922626
 -1.522396629408194
 -1.55623338374893
 -1.587837758802713
 -1.622244210831594
 -1.661433724694032
 -1.690181464608829
 -1.722873073718767
 -1.762430084944102
 -1.798961499213779
 -1.833221989364969
 -1.863516124546902
 -1.895802953245694
 -1.932709542458535
 -1.962011908681173
 -1.996333638643907
 -2.034723997348324
 -2.06952803525623
 -2.10624790634472
 -2.140228054836828
 -2.178390378578606
 -2.210063269289599
 -2.243394295325686
 -2.279627229606161
 -2.31286315558161
 -2.336549672166322
 -2.372124189042388
 -2.410023176401757
 -2.444198759817122
 -2.471435216558874
 -2.506109732378463
 -2.537974141997172
 -2.561368327482127
 -2.584292655007216
 -2.607119247485351
 -2.624432767996332
 -2.659643502377555
 -2.689037406797406
 -2.750521362904462
 -2.81584342739532
 -2.840233498492252
 -2.878602523612712
 -2.924232944119062
 -2.977235471122625
 -3.025718100433246
 -3.055809524956686
 -3.087003888504674
 -3.114612893726982
 3.141403196498229
 3.118555517132096
 3.098190016567962
 3.074795976583992
 3.042952827524467
 3.00785864697232
 2.971361315782755
 2.939214828368392
 2.904482724268156
 2.871798019611807
 2.841714040848994
 2.807109095905696
 2.772506236760746
 2.737556511500832
 2.702097636226749
 2.671556411957258
 2.638550628064849
 2.604439497764289
 2.568418221109991
 2.540117375391782
 2.509873586311584
 2.481549097243479
 2.454832549106574
 2.439010310041612
 2.425408368989274
 2.387381397427003
 2.316603610049343
 2.235617475621779
 2.187451352258602
 2.143791302088961
 2.129246870469506
 2.101013171212417
 2.071226759441023
 2.042860854478471
 2.008606528697179
 1.972590736012244
 1.946901869378014
 1.919760724215215
 1.896374933299156
 1.882812613935
 1.866038750815296
 1.840385292158889
 1.808639289312333
 1.765630385660704
 1.738187867480395
 1.71927885575235
 1.689382156413048
 1.642944794164691
 1.59242490665887
 1.527359666362828
 1.470020410573825
 1.415827635394988
 1.376858315179096
 1.357354889854337
 1.332524918600711
 1.30330672459806
 1.274434628263654
 1.245071244761919
 1.209224669710051
 1.171385473062591
 1.131686734722449
 1.092567691797301
 1.052468988676796
 1.019688792984719
 0.9817828157169753
 0.9423608936869486
 0.9050517061496299
 0.8711903605298954
 0.8331107662433715
 0.7930330512312128
 0.7564986604129277
 0.7144103168869572
 0.6744760756485096
 0.6398765022906024
 0.6075678495339798
 0.5715580295782481
 0.5360008694994844
 0.4908899823879843
 0.4544718659885448
 0.423416819617271
 0.3804533445465197
 0.3368267572277736
 0.2934524708815387
 0.2527125578766545
 0.2101678594132927
 0.1685057111575394
 0.1299867652626478
 0.0882307581414766
 0.03726412018852823
 -0.009827828738468302
 -0.05111977586766335
 -0.09274727790211018
 -0.1350593398160457
 -0.1713533611724771
 -0.2050963843810004
 -0.2432966689144222
 -0.2826460441875237
 -0.3280590279173188
 -0.378827315675442
# name: S11
# type: complex matrix
# rows: 401
# columns: 1
 (-0.501437,-0.000748232)
 (-0.498065,0.0183562)
 (-0.496368,0.0327963)
 (-0.494593,0.0478969)
 (-0.493262,0.0625293)
 (-0.491429,0.076612)
 (-0.489059,0.0906443)
 (-0.485853,0.104944)
 (-0.48278,0.118748)
 (-0.479122,0.132529)
 (-0.475459,0.14694)
 (-0.470996,0.160926)
 (-0.465622,0.174213)
 (-0.460968,0.187608)
 (-0.455828,0.201134)
 (-0.449918,0.214873)
 (-0.444203,0.227954)
 (-0.437075,0.240998)
 (-0.430365,0.253251)
 (-0.422906,0.265897)
 (-0.41615,0.278439)
 (-0.407299,0.291226)
 (-0.399145,0.302305)
 (-0.389946,0.314564)
 (-0.381306,0.325989)
 (-0.371187,0.338039)
 (-0.361784,0.348746)
 (-0.351336,0.359386)
 (-0.341835,0.368575)
 (-0.331741,0.379725)
 (-0.320603,0.390004)
 (-0.309475,0.399604)
 (-0.298319,0.409134)
 (-0.286882,0.418782)
 (-0.275401,0.427638)
 (-0.261889,0.436512)
 (-0.24907,0.445399)
 (-0.23588,0.452219)
 (-0.224173,0.458773)
 (-0.209856,0.466708)
 (-0.1962,0.473576)
 (-0.183426,0.479922)
 (-0.168526,0.485693)
 (-0.153495,0.492149)
 (-0.139263,0.496525)
 (-0.124924,0.5005579999999999)
 (-0.109496,0.505115)
 (-0.0931553,0.5086580000000001)
 (-0.0787479,0.5105499999999999)
 (-0.0661699,0.513029)
 (-0.0511366,0.51828)
 (-0.0348923,0.520891)
 (-0.0192805,0.523775)
 (-0.00239639,0.524475)
 (0.0134949,0.526245)
 (0.0299022,0.526209)
 (0.0461395,0.5262869999999999)
 (0.0621172,0.5257500000000001)
 (0.07726669999999999,0.524048)
 (0.09357119999999999,0.523775)
 (0.108908,0.521563)
 (0.125257,0.5189009999999999)
 (0.141602,0.516039)
 (0.157618,0.512781)
 (0.174164,0.507948)
 (0.189914,0.503538)
 (0.206223,0.49725)
 (0.221148,0.490517)
 (0.236882,0.483062)
 (0.250682,0.478036)
 (0.266493,0.472415)
 (0.282695,0.464577)
 (0.298676,0.45582)
 (0.314206,0.447594)
 (0.329793,0.438822)
 (0.344585,0.428923)
 (0.358984,0.418591)
 (0.373223,0.407552)
 (0.387285,0.397202)
 (0.400898,0.384883)
 (0.413746,0.372518)
 (0.426156,0.360348)
 (0.438708,0.348368)
 (0.450581,0.3341)
 (0.462216,0.320547)
 (0.473618,0.305943)
 (0.483986,0.290294)
 (0.494708,0.275103)
 (0.504017,0.257542)
 (0.513128,0.241877)
 (0.522207,0.225125)
 (0.529158,0.210131)
 (0.537558,0.191799)
 (0.545079,0.17312)
 (0.551194,0.154602)
 (0.558056,0.136353)
 (0.563635,0.117217)
 (0.568774,0.0981846)
 (0.574188,0.0784422)
 (0.5778180000000001,0.0586974)
 (0.5843930000000001,0.0375137)
 (0.5833970000000001,0.018311)
 (0.585652,-0.00253112)
 (0.5853390000000001,-0.0237184)
 (0.585704,-0.0442408)
 (0.58468,-0.06512999999999999)
 (0.583409,-0.08681)
 (0.580659,-0.108753)
 (0.578023,-0.129815)
 (0.574609,-0.151432)
 (0.569567,-0.171591)
 (0.563736,-0.19303)
 (0.557607,-0.214838)
 (0.549202,-0.234757)
 (0.541557,-0.256766)
 (0.532147,-0.277396)
 (0.522549,-0.297599)
 (0.51115,-0.319229)
 (0.499771,-0.339271)
 (0.486413,-0.359357)
 (0.473431,-0.379007)
 (0.458865,-0.396692)
 (0.44369,-0.415243)
 (0.427995,-0.43351)
 (0.41006,-0.450747)
 (0.392663,-0.468579)
 (0.374209,-0.485031)
 (0.354259,-0.500985)
 (0.334374,-0.514811)
 (0.313425,-0.528349)
 (0.292064,-0.543085)
 (0.269503,-0.555145)
 (0.24565,-0.566398)
 (0.221595,-0.576274)
 (0.196596,-0.585766)
 (0.170673,-0.596403)
 (0.144365,-0.603291)
 (0.117496,-0.610568)
 (0.090616,-0.614878)
 (0.0637469,-0.619798)
 (0.0356806,-0.6227240000000001)
 (0.00663921,-0.623444)
 (-0.0226554,-0.624497)
 (-0.0507175,-0.62198)
 (-0.080924,-0.620606)
 (-0.111612,-0.615715)
 (-0.136742,-0.609679)
 (-0.165987,-0.602559)
 (-0.193554,-0.594538)
 (-0.223544,-0.584062)
 (-0.251823,-0.573036)
 (-0.280129,-0.559274)
 (-0.306488,-0.544592)
 (-0.333141,-0.527721)
 (-0.359526,-0.510466)
 (-0.384262,-0.490396)
 (-0.408717,-0.468992)
 (-0.431965,-0.445845)
 (-0.453161,-0.421695)
 (-0.474024,-0.395749)
 (-0.491826,-0.369751)
 (-0.5100440000000001,-0.341366)
 (-0.524631,-0.313105)
 (-0.53943,-0.283211)
 (-0.550942,-0.253209)
 (-0.56172,-0.221481)
 (-0.570118,-0.190777)
 (-0.5769609999999999,-0.159094)
 (-0.581712,-0.124669)
 (-0.583391,-0.09473719999999999)
 (-0.58397,-0.0629929)
 (-0.582549,-0.0305714)
 (-0.579326,0.000698844)
 (-0.574034,0.0342758)
 (-0.565872,0.0646964)
 (-0.556704,0.0938244)
 (-0.5464059999999999,0.123958)
 (-0.532124,0.154152)
 (-0.517765,0.182007)
 (-0.502816,0.207427)
 (-0.485677,0.232399)
 (-0.46665,0.255747)
 (-0.446838,0.27856)
 (-0.426379,0.298342)
 (-0.403813,0.317796)
 (-0.381081,0.3341)
 (-0.358,0.34971)
 (-0.333452,0.365012)
 (-0.308823,0.376917)
 (-0.284367,0.386917)
 (-0.260347,0.39645)
 (-0.23628,0.402996)
 (-0.21078,0.409821)
 (-0.186699,0.413328)
 (-0.162834,0.414832)
 (-0.139549,0.416022)
 (-0.116898,0.41595)
 (-0.09457690000000001,0.415694)
 (-0.0720244,0.412959)
 (-0.0511476,0.408544)
 (-0.0302763,0.403895)
 (-0.011406,0.398814)
 (0.00739375,0.39214)
 (0.0252228,0.385017)
 (0.0429619,0.377236)
 (0.060314,0.368568)
 (0.07526389999999999,0.35969)
 (0.0907028,0.349882)
 (0.105752,0.340214)
 (0.119202,0.329318)
 (0.131047,0.31866)
 (0.142298,0.307748)
 (0.151872,0.295899)
 (0.162377,0.284279)
 (0.171442,0.271613)
 (0.180346,0.260461)
 (0.186657,0.249392)
 (0.194394,0.23819)
 (0.200392,0.226662)
 (0.20567,0.214613)
 (0.209986,0.202702)
 (0.21427,0.191876)
 (0.218474,0.180447)
 (0.222732,0.169738)
 (0.225403,0.157927)
 (0.22799,0.147844)
 (0.229922,0.137334)
 (0.232189,0.126626)
 (0.232965,0.116276)
 (0.234282,0.105952)
 (0.234289,0.0968955)
 (0.233938,0.0882098)
 (0.234052,0.0793397)
 (0.233309,0.0703945)
 (0.232725,0.0610641)
 (0.23125,0.0526212)
 (0.229355,0.0432038)
 (0.228298,0.0361025)
 (0.226743,0.0272557)
 (0.225607,0.019869)
 (0.222371,0.0142262)
 (0.22066,0.00703217)
 (0.217972,0.000520979)
 (0.21436,-0.00687204)
 (0.211398,-0.0142099)
 (0.209309,-0.0204139)
 (0.205605,-0.0255728)
 (0.202767,-0.0330815)
 (0.199242,-0.0389294)
 (0.196121,-0.0447515)
 (0.193186,-0.0502767)
 (0.189963,-0.055248)
 (0.186054,-0.0602638)
 (0.181522,-0.06512900000000001)
 (0.178252,-0.069881)
 (0.175463,-0.0740545)
 (0.172866,-0.0778701)
 (0.168606,-0.0825588)
 (0.164667,-0.0871184)
 (0.15986,-0.0907236)
 (0.156561,-0.09286999999999999)
 (0.152471,-0.0969811)
 (0.148606,-0.101903)
 (0.144403,-0.105802)
 (0.140144,-0.107957)
 (0.136635,-0.109957)
 (0.132188,-0.113764)
 (0.127638,-0.116623)
 (0.124149,-0.119416)
 (0.120186,-0.122539)
 (0.116026,-0.124501)
 (0.111601,-0.127887)
 (0.106965,-0.129524)
 (0.102438,-0.131277)
 (0.09825830000000001,-0.132889)
 (0.0955896,-0.135079)
 (0.0891994,-0.13787)
 (0.0848928,-0.139916)
 (0.08109470000000001,-0.141124)
 (0.0780851,-0.142279)
 (0.07476530000000001,-0.142478)
 (0.0710901,-0.144075)
 (0.0664085,-0.145227)
 (0.0625367,-0.146073)
 (0.0581599,-0.146585)
 (0.0542225,-0.147753)
 (0.0497249,-0.147631)
 (0.0449569,-0.149124)
 (0.0398998,-0.150363)
 (0.0332964,-0.150639)
 (0.0270163,-0.152648)
 (0.0240171,-0.151999)
 (0.0214547,-0.151442)
 (0.0177723,-0.152391)
 (0.0129064,-0.152352)
 (0.00917169,-0.151317)
 (0.0053418,-0.151219)
 (0.00303471,-0.150945)
 (-0.000671465,-0.14957)
 (-0.00391996,-0.148652)
 (-0.00761229,-0.147826)
 (-0.0114869,-0.146761)
 (-0.0143409,-0.14578)
 (-0.0183465,-0.144284)
 (-0.0214602,-0.143016)
 (-0.0236413,-0.141979)
 (-0.0267702,-0.140875)
 (-0.0306201,-0.138526)
 (-0.0338355,-0.136794)
 (-0.0362041,-0.134769)
 (-0.0404989,-0.133324)
 (-0.0438429,-0.131461)
 (-0.0461801,-0.129872)
 (-0.0507147,-0.128467)
 (-0.0537992,-0.126732)
 (-0.055991,-0.124321)
 (-0.0597446,-0.122184)
 (-0.0614186,-0.120175)
 (-0.0651779,-0.118362)
 (-0.0679464,-0.1162)
 (-0.0703309,-0.114504)
 (-0.0728371,-0.112575)
 (-0.0744779,-0.110211)
 (-0.0758132,-0.109198)
 (-0.0776202,-0.107237)
 (-0.0792269,-0.105038)
 (-0.0814153,-0.101602)
 (-0.08291900000000001,-0.09837129999999999)
 (-0.0845973,-0.0974072)
 (-0.0867222,-0.0957694)
 (-0.0890112,-0.0926756)
 (-0.0904683,-0.0906052)
 (-0.0920415,-0.0878124)
 (-0.0921945,-0.08519400000000001)
 (-0.0944644,-0.0835993)
 (-0.0950677,-0.080705)
 (-0.09725019999999999,-0.0790425)
 (-0.0993395,-0.0764589)
 (-0.100049,-0.07515719999999999)
 (-0.101446,-0.0737473)
 (-0.10169,-0.0728284)
 (-0.101201,-0.072256)
 (-0.101141,-0.070872)
 (-0.101994,-0.0693447)
 (-0.103537,-0.0663767)
 (-0.105235,-0.06361890000000001)
 (-0.10664,-0.0605732)
 (-0.107798,-0.0585905)
 (-0.108772,-0.0568855)
 (-0.109522,-0.0538021)
 (-0.110628,-0.0524736)
 (-0.111927,-0.0504942)
 (-0.11409,-0.0474579)
 (-0.116344,-0.0437998)
 (-0.117923,-0.0416395)
 (-0.119657,-0.0400437)
 (-0.120751,-0.0378185)
 (-0.121615,-0.0365811)
 (-0.123222,-0.0346736)
 (-0.12564,-0.0317831)
 (-0.126665,-0.0300365)
 (-0.129257,-0.0270269)
 (-0.130427,-0.0229668)
 (-0.132425,-0.019871)
 (-0.134418,-0.0176092)
 (-0.136008,-0.0139922)
 (-0.137511,-0.0103557)
 (-0.139258,-0.00694287)
 (-0.141318,-0.00398513)
 (-0.142313,0.000938779)
 (-0.14345,0.00416823)
 (-0.145142,0.008865639999999999)
 (-0.146233,0.0139764)
 (-0.147309,0.0189571)
 (-0.148896,0.0240965)
 (-0.149355,0.0290317)
 (-0.150499,0.0362371)
 (-0.150617,0.0416282)
 (-0.150854,0.0472349)
 (-0.151035,0.0529425)
 (-0.151292,0.0601885)
 (-0.150708,0.06636300000000001)
 (-0.149989,0.0747399)
 (-0.147421,0.08157059999999999)
 (-0.14596,0.088961)
 (-0.143112,0.0967438)
 (-0.140016,0.104765)
 (-0.137091,0.111701)
 (-0.132997,0.118365)
 (-0.128786,0.126737)
 (-0.124652,0.134609)
 (-0.118133,0.142824)
 (-0.111823,0.150317)
 (-0.104907,0.159081)
 (-0.0965157,0.166744)
 (-0.08847149999999999,0.174336)
 (-0.07887,0.180251)
 (-0.07074030000000001,0.188327)
 (-0.0609913,0.193912)
 (-0.0492708,0.200652)
 (-0.0363636,0.20547)
# name: SN1
# type: complex matrix
# rows: 401
# columns: 1
 (0.499145,0.00120978)
 (0.505856,-0.0124457)
 (0.504374,-0.0295189)
 (0.502347,-0.0474877)
 (0.500243,-0.06495090000000001)
 (0.498087,-0.08186930000000001)
 (0.494338,-0.0991879)
 (0.491051,-0.116099)
 (0.485849,-0.133386)
 (0.481022,-0.149752)
 (0.475471,-0.165922)
 (0.468487,-0.182243)
 (0.461296,-0.198307)
 (0.453821,-0.213912)
 (0.445987,-0.229511)
 (0.437108,-0.24484)
 (0.428377,-0.259825)
 (0.417763,-0.273839)
 (0.40761,-0.286753)
 (0.397556,-0.300717)
 (0.385859,-0.31325)
 (0.374719,-0.326257)
 (0.362749,-0.33879)
 (0.349181,-0.349548)
 (0.336931,-0.361027)
 (0.323201,-0.372394)
 (0.310949,-0.382555)
 (0.296038,-0.391225)
 (0.282154,-0.399743)
 (0.267966,-0.409018)
 (0.253782,-0.417145)
 (0.237981,-0.424368)
 (0.223774,-0.430463)
 (0.208659,-0.437176)
 (0.193845,-0.443347)
 (0.177438,-0.448769)
 (0.161508,-0.453934)
 (0.14525,-0.45768)
 (0.130489,-0.460436)
 (0.113942,-0.46304)
 (0.0976829,-0.464525)
 (0.0818285,-0.466998)
 (0.0649462,-0.468278)
 (0.0494144,-0.469768)
 (0.0325691,-0.469105)
 (0.0167179,-0.468374)
 (0.000318632,-0.46703)
 (-0.0156655,-0.464345)
 (-0.0311308,-0.459983)
 (-0.0434158,-0.45687)
 (-0.0581974,-0.455062)
 (-0.07423490000000001,-0.452645)
 (-0.0887472,-0.448473)
 (-0.104115,-0.443252)
 (-0.118493,-0.437803)
 (-0.132879,-0.43177)
 (-0.146596,-0.424887)
 (-0.161106,-0.4176)
 (-0.173972,-0.410185)
 (-0.186008,-0.403089)
 (-0.198511,-0.395259)
 (-0.211139,-0.386386)
 (-0.223383,-0.377584)
 (-0.234276,-0.367835)
 (-0.245052,-0.358164)
 (-0.255859,-0.348268)
 (-0.265346,-0.336512)
 (-0.274665,-0.324945)
 (-0.282145,-0.314129)
 (-0.289343,-0.303672)
 (-0.298235,-0.293544)
 (-0.307148,-0.282328)
 (-0.313812,-0.271365)
 (-0.321834,-0.25897)
 (-0.328297,-0.247267)
 (-0.334144,-0.234847)
 (-0.339618,-0.222158)
 (-0.344713,-0.210194)
 (-0.349101,-0.198179)
 (-0.353792,-0.184207)
 (-0.356433,-0.172475)
 (-0.359486,-0.159694)
 (-0.361838,-0.146226)
 (-0.3643,-0.133141)
 (-0.365294,-0.120904)
 (-0.366105,-0.108854)
 (-0.366571,-0.09572899999999999)
 (-0.366489,-0.08263)
 (-0.365369,-0.06909650000000001)
 (-0.36378,-0.0590203)
 (-0.361135,-0.0468518)
 (-0.359587,-0.0370291)
 (-0.357726,-0.0253866)
 (-0.355598,-0.0139747)
 (-0.353174,-0.00356986)
 (-0.34993,0.00787158)
 (-0.345321,0.017472)
 (-0.341979,0.0290929)
 (-0.337773,0.037714)
 (-0.332617,0.0467205)
 (-0.329359,0.0562413)
 (-0.322104,0.0640512)
 (-0.316793,0.07310709999999999)
 (-0.311051,0.0808663)
 (-0.304892,0.08859160000000001)
 (-0.29898,0.0951202)
 (-0.292596,0.102405)
 (-0.285441,0.109277)
 (-0.278999,0.11542)
 (-0.271374,0.122917)
 (-0.264322,0.126496)
 (-0.259116,0.130414)
 (-0.252403,0.135007)
 (-0.245653,0.138845)
 (-0.238638,0.142633)
 (-0.232108,0.145292)
 (-0.225481,0.14788)
 (-0.219532,0.150407)
 (-0.213052,0.152111)
 (-0.207034,0.15371)
 (-0.201402,0.154733)
 (-0.195167,0.155342)
 (-0.189464,0.157067)
 (-0.184661,0.15708)
 (-0.179853,0.157662)
 (-0.175192,0.157651)
 (-0.170945,0.158083)
 (-0.167523,0.157757)
 (-0.163892,0.156477)
 (-0.16062,0.155453)
 (-0.158111,0.153781)
 (-0.155758,0.15235)
 (-0.153516,0.152027)
 (-0.152433,0.150989)
 (-0.150981,0.150853)
 (-0.149829,0.150148)
 (-0.15016,0.14796)
 (-0.150629,0.148136)
 (-0.151824,0.147073)
 (-0.15277,0.14619)
 (-0.154088,0.147891)
 (-0.15589,0.14876)
 (-0.157804,0.149871)
 (-0.160183,0.151036)
 (-0.163495,0.154334)
 (-0.166321,0.156016)
 (-0.170228,0.158105)
 (-0.173529,0.162102)
 (-0.177606,0.165462)
 (-0.180501,0.17187)
 (-0.184498,0.178269)
 (-0.188579,0.184449)
 (-0.192184,0.19128)
 (-0.195754,0.199447)
 (-0.198801,0.20885)
 (-0.201822,0.217864)
 (-0.203778,0.228003)
 (-0.205741,0.240158)
 (-0.206523,0.252244)
 (-0.205331,0.265908)
 (-0.205242,0.279451)
 (-0.204103,0.292793)
 (-0.20113,0.307897)
 (-0.197462,0.32355)
 (-0.194022,0.338169)
 (-0.187504,0.354638)
 (-0.181218,0.370844)
 (-0.172967,0.387675)
 (-0.162047,0.404307)
 (-0.153072,0.418854)
 (-0.14262,0.435619)
 (-0.128755,0.45108)
 (-0.112695,0.467078)
 (-0.0955297,0.482422)
 (-0.07931100000000001,0.496943)
 (-0.0587947,0.509964)
 (-0.0379071,0.522269)
 (-0.0166949,0.534216)
 (0.00429117,0.543932)
 (0.0278775,0.554787)
 (0.0541622,0.563209)
 (0.0789753,0.567985)
 (0.105808,0.57341)
 (0.134483,0.575416)
 (0.161777,0.577003)
 (0.188905,0.577108)
 (0.216207,0.576595)
 (0.244736,0.573055)
 (0.274566,0.567309)
 (0.302823,0.559932)
 (0.330204,0.552216)
 (0.357423,0.541938)
 (0.385688,0.531291)
 (0.410961,0.517947)
 (0.434945,0.50281)
 (0.461823,0.483157)
 (0.48937,0.460401)
 (0.514174,0.441368)
 (0.536695,0.419954)
 (0.555891,0.402971)
 (0.575193,0.380568)
 (0.593859,0.356372)
 (0.611664,0.330963)
 (0.625476,0.306799)
 (0.638665,0.282117)
 (0.651365,0.254832)
 (0.663895,0.226891)
 (0.67391,0.198043)
 (0.683192,0.169348)
 (0.69038,0.140091)
 (0.698106,0.110992)
 (0.703207,0.0827103)
 (0.705006,0.0540903)
 (0.708294,0.028822)
 (0.710189,0.000761116)
 (0.7107019999999999,-0.026763)
 (0.709714,-0.0548546)
 (0.704979,-0.0812302)
 (0.7021309999999999,-0.109449)
 (0.6978220000000001,-0.146492)
 (0.690344,-0.172324)
 (0.6835,-0.199116)
 (0.674829,-0.22431)
 (0.664886,-0.251066)
 (0.654645,-0.276408)
 (0.644581,-0.301447)
 (0.633494,-0.325036)
 (0.619919,-0.343877)
 (0.60409,-0.365282)
 (0.588272,-0.389108)
 (0.571685,-0.411446)
 (0.556347,-0.430803)
 (0.536872,-0.448951)
 (0.517499,-0.469064)
 (0.499352,-0.490771)
 (0.480297,-0.509056)
 (0.460372,-0.524443)
 (0.442361,-0.537853)
 (0.421892,-0.551148)
 (0.401461,-0.56446)
 (0.381935,-0.575144)
 (0.359433,-0.58595)
 (0.335286,-0.600512)
 (0.306161,-0.618241)
 (0.282304,-0.632691)
 (0.264452,-0.6420630000000001)
 (0.249991,-0.640236)
 (0.227265,-0.64289)
 (0.193244,-0.659423)
 (0.174445,-0.663911)
 (0.156655,-0.665894)
 (0.128079,-0.669728)
 (0.107666,-0.672303)
 (0.0831098,-0.676575)
 (0.057515,-0.675654)
 (0.0327443,-0.676011)
 (0.00984092,-0.6757030000000001)
 (-0.0114929,-0.6743440000000001)
 (-0.0347151,-0.674167)
 (-0.0610704,-0.671942)
 (-0.0802071,-0.66864)
 (-0.101683,-0.663467)
 (-0.127998,-0.659734)
 (-0.152299,-0.655871)
 (-0.174793,-0.650706)
 (-0.193668,-0.64261)
 (-0.213919,-0.634859)
 (-0.237112,-0.626305)
 (-0.254496,-0.616995)
 (-0.275683,-0.608262)
 (-0.298673,-0.596928)
 (-0.318664,-0.585073)
 (-0.339876,-0.572892)
 (-0.358274,-0.559657)
 (-0.379214,-0.545362)
 (-0.395629,-0.532185)
 (-0.412949,-0.51846)
 (-0.433021,-0.504982)
 (-0.449313,-0.490042)
 (-0.460828,-0.479299)
 (-0.479076,-0.464051)
 (-0.493682,-0.443202)
 (-0.506491,-0.42436)
 (-0.517602,-0.410205)
 (-0.533191,-0.393253)
 (-0.546468,-0.376769)
 (-0.552357,-0.362064)
 (-0.558949,-0.348334)
 (-0.568625,-0.336593)
 (-0.5707100000000001,-0.324618)
 (-0.577416,-0.302041)
 (-0.581419,-0.282692)
 (-0.59499,-0.245319)
 (-0.614381,-0.207527)
 (-0.617416,-0.191909)
 (-0.623458,-0.167851)
 (-0.631319,-0.139426)
 (-0.640337,-0.106202)
 (-0.649611,-0.0756121)
 (-0.652671,-0.0561259)
 (-0.656863,-0.035893)
 (-0.6586340000000001,-0.0177741)
 (-0.657959,0.000124655)
 (-0.657856,0.0151578)
 (-0.655463,0.0284667)
 (-0.653067,0.0436877)
 (-0.650428,0.06436699999999999)
 (-0.648397,0.0872334)
 (-0.644981,0.110869)
 (-0.64144,0.131615)
 (-0.636004,0.153694)
 (-0.630769,0.174431)
 (-0.625844,0.193513)
 (-0.6170330000000001,0.214445)
 (-0.609957,0.235939)
 (-0.601945,0.257367)
 (-0.593272,0.278935)
 (-0.583412,0.29638)
 (-0.574166,0.31594)
 (-0.562844,0.335211)
 (-0.549213,0.354493)
 (-0.541057,0.37133)
 (-0.529631,0.387558)
 (-0.517895,0.401977)
 (-0.507512,0.416111)
 (-0.500882,0.424103)
 (-0.493905,0.429865)
 (-0.474148,0.445459)
 (-0.440607,0.476953)
 (-0.403359,0.514581)
 (-0.379877,0.53589)
 (-0.359335,0.556934)
 (-0.352617,0.564374)
 (-0.336925,0.574753)
 (-0.320626,0.586302)
 (-0.304744,0.596875)
 (-0.284019,0.606738)
 (-0.262837,0.618571)
 (-0.246984,0.625428)
 (-0.230506,0.63351)
 (-0.216535,0.64141)
 (-0.208299,0.645784)
 (-0.196597,0.6464220000000001)
 (-0.18006,0.6516459999999999)
 (-0.158793,0.6550010000000001)
 (-0.130397,0.660782)
 (-0.111902,0.662249)
 (-0.09887600000000001,0.661009)
 (-0.0784657,0.658574)
 (-0.047707,0.660086)
 (-0.0142661,0.659492)
 (0.0287929,0.662454)
 (0.0675081,0.667614)
 (0.104824,0.670997)
 (0.131496,0.669509)
 (0.145418,0.670924)
 (0.162535,0.669184)
 (0.182167,0.664704)
 (0.20155,0.660053)
 (0.220408,0.652567)
 (0.243318,0.643361)
 (0.267425,0.63356)
 (0.293051,0.62392)
 (0.317429,0.61237)
 (0.341859,0.599392)
 (0.364818,0.593557)
 (0.387901,0.580579)
 (0.409636,0.563677)
 (0.430586,0.548272)
 (0.449786,0.534432)
 (0.470942,0.518171)
 (0.491631,0.499196)
 (0.508144,0.479591)
 (0.528125,0.458004)
 (0.548943,0.438916)
 (0.563462,0.419414)
 (0.579333,0.402813)
 (0.596652,0.383748)
 (0.609862,0.362262)
 (0.6311560000000001,0.337373)
 (0.641859,0.313601)
 (0.650468,0.293151)
 (0.663237,0.265254)
 (0.673666,0.235898)
 (0.682121,0.206121)
 (0.689756,0.178118)
 (0.696219,0.148516)
 (0.701286,0.119302)
 (0.702542,0.091839)
 (0.706421,0.0624903)
 (0.711846,0.0265386)
 (0.715313,-0.0070302)
 (0.716579,-0.0366633)
 (0.717778,-0.0667635)
 (0.714462,-0.0970858)
 (0.7065630000000001,-0.122271)
 (0.692924,-0.144143)
 (0.684209,-0.16983)
 (0.676369,-0.196432)
 (0.667874,-0.227316)
 (0.654437,-0.260501)
